"","call_counts","text_counts","duration","survey_outcome","z","day"
"1",3,3,3,3,1,1
"2",5,5,5,4,1,2
"3",6,6,6,5,1,3
"4",2,1,2,5,1,4
"5",1,1,3,3,1,5
"6",3,2,2,5,1,6
"7",2,2,5,5,2,7
"8",1,0,3,4,1,8
"9",5,4,2,4,2,9
"10",9,6,7,6,1,10
"11",2,1,4,3,1,11
"12",2,1,4,3,1,12
"13",0,0,3,4,1,13
"14",0,0,5,3,1,14
"15",1,0,3,5,1,15
"16",4,3,2,4,2,16
"17",3,2,1,4,2,17
"18",5,4,8,3,1,18
"19",5,4,7,6,2,19
"20",6,5,7,5,1,20
"21",4,4,4,5,2,21
"22",3,2,8,6,2,22
"23",5,4,8,5,1,23
"24",7,6,8,6,1,24
"25",1,0,4,3,1,25
"26",2,1,3,4,1,26
"27",2,0,1,3,2,27
"28",1,0,4,3,1,28
"29",1,1,3,5,1,29
"30",0,0,3,4,1,30
"31",2,1,2,5,1,31
"32",4,4,3,4,2,32
"33",1,0,3,4,1,33
"34",1,1,4,3,1,34
"35",2,2,3,4,1,35
"36",2,1,3,4,1,36
"37",1,1,3,4,1,37
"38",5,3,2,3,2,38
"39",2,2,3,5,2,39
"40",7,6,7,6,1,40
"41",2,2,7,4,2,41
"42",5,4,8,4,1,42
"43",2,1,4,4,1,43
"44",3,3,3,4,2,44
"45",2,2,3,4,1,45
"46",3,2,4,4,2,46
"47",4,3,8,6,2,47
"48",5,4,6,6,2,48
"49",7,6,6,5,1,49
"50",1,0,7,5,2,50
"51",4,3,8,5,2,51
"52",6,5,7,4,1,52
"53",5,4,8,5,1,53
"54",2,1,3,3,1,54
"55",5,4,2,3,2,55
"56",2,1,3,3,1,56
"57",2,1,2,4,1,57
"58",0,0,4,3,1,58
"59",0,0,5,4,1,59
"60",1,0,3,4,1,60
"61",3,1,2,3,1,61
"62",2,1,4,3,1,62
"63",2,2,3,4,1,63
"64",0,0,5,3,1,64
"65",4,2,3,4,1,65
"66",1,2,4,3,1,66
"67",2,1,3,3,1,67
"68",2,2,2,5,2,68
"69",2,0,3,3,1,69
"70",2,2,1,4,1,70
"71",1,0,4,3,1,71
"72",3,1,3,4,1,72
"73",0,0,5,3,1,73
"74",4,2,3,3,1,74
"75",2,0,2,4,2,75
"76",3,2,4,5,1,76
"77",2,1,2,5,1,77
"78",2,3,2,4,1,78
"79",2,0,3,4,2,79
"80",4,1,3,5,2,80
"81",7,4,7,5,2,81
"82",4,5,7,5,1,82
"83",7,6,6,6,1,83
"84",6,1,2,3,1,84
"85",2,3,3,5,2,85
"86",1,3,4,3,1,86
"87",2,2,1,4,1,87
"88",1,1,4,3,1,88
"89",3,1,3,3,1,89
"90",0,0,4,3,1,90
"91",3,3,3,3,1,91
"92",0,0,3,3,1,92
"93",1,1,3,4,1,93
"94",1,0,2,5,1,94
"95",0,0,4,4,1,95
"96",0,0,4,4,1,96
"97",2,0,4,3,2,97
"98",2,0,5,3,1,98
"99",3,1,4,4,2,99
"100",8,6,6,5,2,100
"101",5,5,6,5,2,101
"102",5,6,6,6,2,102
"103",7,4,7,6,2,103
"104",5,3,6,3,2,104
"105",6,6,7,5,2,105
"106",5,4,6,6,2,106
"107",4,4,7,6,1,107
"108",11,3,6,6,2,108
"109",5,2,9,3,2,109
"110",2,8,8,5,2,110
"111",2,3,8,3,2,111
"112",5,2,7,4,1,112
"113",7,1,9,5,1,113
"114",3,2,2,4,2,114
"115",5,4,3,3,2,115
"116",5,3,8,6,2,116
"117",4,8,6,5,2,117
"118",4,5,7,6,2,118
"119",3,3,7,6,2,119
"120",1,3,7,5,2,120
"121",6,2,7,3,2,121
"122",2,0,7,5,2,122
"123",5,5,7,5,2,123
"124",6,2,6,6,1,124
"125",9,3,8,4,2,125
"126",5,5,7,5,2,126
"127",5,9,7,5,2,127
"128",3,4,7,6,1,128
"129",5,3,8,5,2,129
"130",5,2,7,5,2,130
"131",5,5,7,5,2,131
"132",3,4,6,6,2,132
"133",3,4,7,6,2,133
"134",5,2,7,5,2,134
"135",5,2,6,4,2,135
"136",2,3,8,5,2,136
"137",2,4,5,6,2,137
"138",6,1,7,5,1,138
"139",10,1,5,4,2,139
"140",5,5,7,5,2,140
"141",5,7,6,5,2,141
"142",5,4,6,5,1,142
"143",10,4,7,6,2,143
"144",6,4,5,6,2,144
"145",5,7,8,4,1,145
"146",6,4,5,6,2,146
"147",3,5,7,6,2,147
"148",4,4,6,5,2,148
"149",6,3,6,6,2,149
"150",3,1,9,5,1,150
"151",3,5,7,5,1,151
"152",4,2,2,4,1,152
"153",1,1,1,4,2,153
"154",4,2,3,3,1,154
"155",2,0,3,4,1,155
"156",2,4,3,3,1,156
"157",2,2,2,4,1,157
"158",3,2,2,3,1,158
"159",3,1,2,3,1,159
"160",0,1,4,3,1,160
"161",3,2,2,4,1,161
"162",1,1,2,5,1,162
"163",0,1,5,3,1,163
"164",1,0,3,5,1,164
"165",1,1,3,5,2,165
"166",2,0,4,4,1,166
"167",1,0,4,3,1,167
"168",4,4,2,3,2,168
"169",2,0,5,3,1,169
"170",2,2,3,4,1,170
"171",1,3,2,4,1,171
"172",1,4,3,5,2,172
"173",3,1,3,5,1,173
"174",0,0,5,3,1,174
"175",1,0,3,3,2,175
"176",2,0,3,5,2,176
"177",7,5,7,5,2,177
"178",7,3,7,5,2,178
"179",4,5,7,5,1,179
"180",3,5,8,4,1,180
"181",2,0,5,3,1,181
"182",1,2,4,3,1,182
"183",2,1,4,4,2,183
"184",3,1,2,4,1,184
"185",2,2,4,5,1,185
"186",1,1,3,3,2,186
"187",1,3,2,4,1,187
"188",4,1,4,4,2,188
"189",5,7,7,4,2,189
"190",6,2,8,4,1,190
"191",3,2,6,5,2,191
"192",6,6,7,6,1,192
"193",4,2,2,3,1,193
"194",4,4,3,5,2,194
"195",2,0,3,3,1,195
"196",4,3,2,4,1,196
"197",1,1,4,3,2,197
"198",1,4,2,5,1,198
"199",6,2,2,4,1,199
"200",0,1,4,4,1,200
"201",3,1,2,4,2,201
"202",0,0,3,3,1,202
"203",3,4,3,4,2,203
"204",4,2,7,5,2,204
"205",5,3,9,3,2,205
"206",3,1,9,5,2,206
"207",3,6,7,5,2,207
"208",7,4,5,6,2,208
"209",2,3,9,4,1,209
"210",2,2,8,5,2,210
"211",5,2,8,3,2,211
"212",5,4,7,6,2,212
"213",3,2,8,4,1,213
"214",3,2,7,4,1,214
"215",3,1,3,5,1,215
"216",5,2,3,4,2,216
"217",1,0,2,5,2,217
"218",5,2,8,3,1,218
"219",7,4,9,3,2,219
"220",7,8,7,6,2,220
"221",5,2,6,6,1,221
"222",5,4,8,6,1,222
"223",5,5,3,3,1,223
"224",6,3,1,4,1,224
"225",1,1,3,5,1,225
"226",2,2,2,4,1,226
"227",1,5,3,3,1,227
"228",2,5,2,3,2,228
"229",1,0,5,3,1,229
"230",4,1,3,5,1,230
"231",3,1,1,4,1,231
"232",1,0,3,3,1,232
"233",0,1,3,3,2,233
"234",2,4,2,5,1,234
"235",6,3,0,5,2,235
"236",4,3,6,5,2,236
"237",2,0,8,5,2,237
"238",4,3,7,5,2,238
"239",6,6,7,6,2,239
"240",3,2,8,5,1,240
"241",7,2,6,6,2,241
"242",5,2,8,5,2,242
"243",5,5,7,4,2,243
"244",3,2,8,6,2,244
"245",4,4,8,5,2,245
"246",4,4,7,5,1,246
"247",6,4,6,6,2,247
"248",7,3,8,6,2,248
"249",3,4,5,6,2,249
"250",4,3,6,4,2,250
"251",3,4,7,5,2,251
"252",4,7,7,4,2,252
"253",2,1,8,5,1,253
"254",5,2,7,5,1,254
"255",4,0,3,4,2,255
"256",3,2,3,3,1,256
"257",4,0,3,3,1,257
"258",2,1,4,4,1,258
"259",1,3,4,3,1,259
"260",4,4,1,3,2,260
"261",0,3,4,4,1,261
"262",1,1,3,3,1,262
"263",2,2,3,3,2,263
"264",1,1,4,4,1,264
"265",4,0,3,5,1,265
"266",2,1,3,3,1,266
"267",0,1,4,3,1,267
"268",0,1,5,3,1,268
"269",3,3,3,4,1,269
"270",3,2,3,3,1,270
"271",1,1,2,3,2,271
"272",0,1,3,3,1,272
"273",4,3,2,4,1,273
"274",2,3,3,4,1,274
"275",1,0,3,3,1,275
"276",1,0,2,4,1,276
"277",0,0,6,3,1,277
"278",0,2,3,3,1,278
"279",1,1,4,4,1,279
"280",2,1,1,4,2,280
"281",1,0,4,3,1,281
"282",1,0,2,5,1,282
"283",0,1,4,4,1,283
"284",1,0,3,3,1,284
"285",2,1,3,3,1,285
"286",2,0,4,3,2,286
"287",0,1,2,4,1,287
"288",3,1,2,3,1,288
"289",5,2,2,3,1,289
"290",2,3,2,3,1,290
"291",0,0,4,3,1,291
"292",1,1,3,3,1,292
"293",0,2,4,5,1,293
"294",1,1,3,4,1,294
"295",0,0,3,4,1,295
"296",1,0,3,4,2,296
"297",2,1,2,3,1,297
"298",0,0,5,3,1,298
"299",5,0,3,3,1,299
"300",1,0,4,5,1,300
"301",1,0,4,4,1,301
"302",3,0,3,3,1,302
"303",0,5,3,4,2,303
"304",0,0,4,4,1,304
"305",1,2,2,4,1,305
"306",3,0,5,5,1,306
"307",2,3,3,3,1,307
"308",0,0,5,4,1,308
"309",1,0,5,3,2,309
"310",2,0,3,4,1,310
"311",1,3,4,3,2,311
"312",12,5,6,6,2,312
"313",3,1,7,4,2,313
"314",6,3,8,4,2,314
"315",2,3,7,6,2,315
"316",4,3,7,5,1,316
"317",3,9,6,6,2,317
"318",3,2,7,5,2,318
"319",6,4,8,3,2,319
"320",6,1,7,5,2,320
"321",4,3,7,5,2,321
"322",6,2,6,6,1,322
"323",2,1,7,5,2,323
"324",3,5,8,3,1,324
"325",3,1,4,4,1,325
"326",2,0,4,5,1,326
"327",4,2,1,5,2,327
"328",1,0,3,4,2,328
"329",4,2,7,6,1,329
"330",12,8,7,5,1,330
"331",3,1,3,5,2,331
"332",6,2,2,4,1,332
"333",3,0,4,4,1,333
"334",3,1,3,5,2,334
"335",2,7,1,3,1,335
"336",3,3,3,4,1,336
"337",4,3,4,3,1,337
"338",1,3,3,3,1,338
"339",1,2,4,4,1,339
"340",2,0,4,5,1,340
"341",0,3,3,6,1,341
"342",1,6,3,3,1,342
"343",2,1,2,4,2,343
"344",1,1,4,3,2,344
"345",6,6,6,5,2,345
"346",10,1,7,6,2,346
"347",11,3,7,5,2,347
"348",5,5,5,6,2,348
"349",6,2,6,6,2,349
"350",3,3,8,5,2,350
"351",6,8,7,5,2,351
"352",3,8,8,6,2,352
"353",4,1,9,4,1,353
"354",2,3,8,5,2,354
"355",3,2,8,3,2,355
"356",6,4,7,5,1,356
"357",5,3,7,4,2,357
"358",1,3,9,3,1,358
"359",3,0,4,5,1,359
"360",2,1,2,4,2,360
"361",5,3,3,3,1,361
"362",2,2,1,4,2,362
"363",7,1,7,4,2,363
"364",4,7,4,6,2,364
"365",6,2,8,5,2,365
"366",5,9,6,5,1,366
"367",2,3,7,6,2,367
"368",4,6,7,5,2,368
"369",6,1,8,4,1,369
"370",3,5,8,5,2,370
"371",4,3,8,5,1,371
"372",5,0,2,4,2,372
"373",3,3,6,5,2,373
"374",6,6,7,6,2,374
"375",6,2,7,6,2,375
"376",5,4,6,6,1,376
"377",4,6,7,6,2,377
"378",6,1,6,5,2,378
"379",8,5,7,6,2,379
"380",3,4,7,5,2,380
"381",3,4,7,6,1,381
"382",4,4,7,5,2,382
"383",3,3,9,4,2,383
"384",6,6,8,3,2,384
"385",2,2,8,5,2,385
"386",6,2,6,6,2,386
"387",4,2,7,4,1,387
"388",4,2,8,5,2,388
"389",6,6,7,6,2,389
"390",11,3,5,5,2,390
"391",3,3,7,6,1,391
"392",4,3,5,6,2,392
"393",7,4,6,4,1,393
"394",2,1,4,3,1,394
"395",0,3,4,3,1,395
"396",3,0,4,3,2,396
"397",1,0,3,4,1,397
"398",1,3,3,3,1,398
"399",6,3,2,4,1,399
"400",1,0,5,3,1,400
"401",1,5,3,5,1,401
"402",2,1,2,3,1,402
"403",1,0,4,5,1,403
"404",0,3,4,4,1,404
"405",0,1,5,4,1,405
"406",1,1,2,4,2,406
"407",2,1,3,4,2,407
"408",3,5,7,5,1,408
"409",9,3,7,6,2,409
"410",8,3,7,4,2,410
"411",9,2,7,3,1,411
"412",5,4,8,5,2,412
"413",4,2,6,5,1,413
"414",3,5,3,5,2,414
"415",0,5,8,5,2,415
"416",7,6,8,5,1,416
"417",11,5,6,5,1,417
"418",1,1,2,3,2,418
"419",3,2,4,4,1,419
"420",2,0,4,5,1,420
"421",3,4,3,4,1,421
"422",3,6,2,4,2,422
"423",1,0,5,3,1,423
"424",0,2,4,3,1,424
"425",4,3,2,4,1,425
"426",3,3,3,3,1,426
"427",3,2,1,3,1,427
"428",2,1,4,5,1,428
"429",1,0,5,4,1,429
"430",1,3,1,5,1,430
"431",2,3,2,6,2,431
"432",2,2,2,3,2,432
"433",2,4,6,6,1,433
"434",10,5,5,6,1,434
"435",3,0,4,3,1,435
"436",5,1,1,5,1,436
"437",4,1,3,4,1,437
"438",0,0,4,3,1,438
"439",1,4,3,4,2,439
"440",1,2,4,5,1,440
"441",0,4,3,3,1,441
"442",4,4,2,4,1,442
"443",3,0,4,4,2,443
"444",0,1,3,4,1,444
"445",1,1,5,3,1,445
"446",4,0,3,4,1,446
"447",0,2,4,3,1,447
"448",1,2,3,5,1,448
"449",4,1,3,6,2,449
"450",3,2,4,3,1,450
"451",1,4,4,5,2,451
"452",6,2,5,6,2,452
"453",3,2,8,5,2,453
"454",9,4,6,6,1,454
"455",2,4,6,6,2,455
"456",3,3,5,5,2,456
"457",11,3,6,5,2,457
"458",5,2,7,3,2,458
"459",4,6,8,5,1,459
"460",4,2,5,6,2,460
"461",2,1,6,6,1,461
"462",4,5,5,4,2,462
"463",5,4,7,6,2,463
"464",7,1,9,4,1,464
"465",4,1,8,5,2,465
"466",1,1,8,4,2,466
"467",3,5,7,5,2,467
"468",5,3,7,6,2,468
"469",0,9,6,5,1,469
"470",4,3,8,5,1,470
"471",1,0,5,4,1,471
"472",3,0,4,5,1,472
"473",1,1,0,4,1,473
"474",1,0,1,4,1,474
"475",3,2,4,3,2,475
"476",3,1,4,3,2,476
"477",4,6,8,4,2,477
"478",10,5,6,6,2,478
"479",6,1,7,5,2,479
"480",4,3,7,5,1,480
"481",2,4,8,4,2,481
"482",3,4,7,6,2,482
"483",7,8,7,5,2,483
"484",5,5,6,4,2,484
"485",5,3,6,5,2,485
"486",6,2,7,5,1,486
"487",4,1,9,4,2,487
"488",1,4,9,3,2,488
"489",7,4,7,5,2,489
"490",10,4,6,6,2,490
"491",6,5,5,6,2,491
"492",5,4,8,4,1,492
"493",4,2,6,6,2,493
"494",0,3,9,4,1,494
"495",0,0,1,3,2,495
"496",8,6,5,5,2,496
"497",0,2,4,4,1,497
"498",2,4,6,6,2,498
"499",9,1,7,4,2,499
"500",5,0,6,6,2,500
"501",3,5,7,5,2,501
"502",5,2,7,5,1,502
"503",5,0,5,5,2,503
"504",4,7,7,5,2,504
"505",6,3,5,6,2,505
"506",7,2,7,4,2,506
"507",1,2,8,5,1,507
"508",4,3,3,5,2,508
"509",7,4,3,5,1,509
"510",2,2,1,4,1,510
"511",1,2,2,4,2,511
"512",3,0,3,4,2,512
"513",12,5,10,6,2,513
"514",5,5,7,5,1,514
"515",9,5,9,5,2,515
"516",6,5,6,6,2,516
"517",5,4,10,5,2,517
"518",8,7,5,5,1,518
"519",5,3,8,6,2,519
"520",1,5,5,5,2,520
"521",6,5,8,5,2,521
"522",5,3,6,4,2,522
"523",3,6,4,5,2,523
"524",6,3,6,6,1,524
"525",6,0,9,6,2,525
"526",4,4,7,4,2,526
"527",6,5,5,4,2,527
"528",8,2,9,5,2,528
"529",6,5,6,4,1,529
"530",3,3,9,3,1,530
"531",0,0,1,4,1,531
"532",1,1,4,3,2,532
"533",6,3,7,4,2,533
"534",6,4,7,5,1,534
"535",6,2,6,6,2,535
"536",9,2,7,6,2,536
"537",10,2,6,5,2,537
"538",5,7,9,6,2,538
"539",1,4,7,6,2,539
"540",3,4,8,5,2,540
"541",3,6,6,5,2,541
"542",2,10,6,4,2,542
"543",2,4,8,5,2,543
"544",4,0,2,5,2,544
"545",4,2,7,6,1,545
"546",3,3,8,6,2,546
"547",4,1,5,3,2,547
"548",4,1,5,6,2,548
"549",9,3,7,5,2,549
"550",6,2,10,4,1,550
"551",5,3,8,5,2,551
"552",3,3,2,5,2,552
"553",2,2,8,6,1,553
"554",12,8,6,4,1,554
"555",2,2,3,5,1,555
"556",2,1,1,4,1,556
"557",1,0,1,3,2,557
"558",5,0,5,3,2,558
"559",7,12,8,5,2,559
"560",0,2,5,4,2,560
"561",8,4,10,5,2,561
"562",7,5,7,6,1,562
"563",5,6,8,6,1,563
"564",0,2,2,4,1,564
"565",0,0,4,5,1,565
"566",5,4,2,4,1,566
"567",5,3,5,4,2,567
"568",1,1,4,4,2,568
"569",3,2,6,6,2,569
"570",4,1,9,4,2,570
"571",6,6,10,6,2,571
"572",7,5,7,5,2,572
"573",7,5,4,6,1,573
"574",3,1,4,6,2,574
"575",5,2,3,4,2,575
"576",4,5,8,5,2,576
"577",8,5,9,4,2,577
"578",2,4,9,5,1,578
"579",3,2,7,4,2,579
"580",3,2,7,4,1,580
"581",2,1,5,5,2,581
"582",8,8,9,4,1,582
"583",3,1,5,5,2,583
"584",6,2,5,6,2,584
"585",3,2,5,4,1,585
"586",6,1,5,5,1,586
"587",3,2,5,3,1,587
"588",0,1,0,4,1,588
"589",5,2,5,5,1,589
"590",2,1,1,4,1,590
"591",0,2,2,4,1,591
"592",3,3,6,3,2,592
"593",2,1,2,5,2,593
"594",2,8,6,5,2,594
"595",4,3,9,4,2,595
"596",11,1,9,5,2,596
"597",7,5,9,6,2,597
"598",4,2,4,5,1,598
"599",3,1,5,6,2,599
"600",7,4,7,5,2,600
"601",5,6,7,4,2,601
"602",7,5,8,4,2,602
"603",6,4,8,6,2,603
"604",4,2,5,5,1,604
"605",5,4,4,3,1,605
"606",1,1,8,6,1,606
"607",2,3,2,4,2,607
"608",4,2,4,4,2,608
"609",10,4,5,5,1,609
"610",3,4,7,6,2,610
"611",5,1,5,6,2,611
"612",10,3,6,6,1,612
"613",10,4,3,5,2,613
"614",4,6,8,5,1,614
"615",1,1,1,4,1,615
"616",6,3,6,4,1,616
"617",0,0,3,3,1,617
"618",0,5,1,4,2,618
"619",4,5,2,4,1,619
"620",2,1,3,6,1,620
"621",2,1,3,5,1,621
"622",2,5,0,3,1,622
"623",3,0,2,4,1,623
"624",2,4,6,6,2,624
"625",0,0,2,3,1,625
"626",0,1,2,3,1,626
"627",2,1,2,3,1,627
"628",1,3,6,4,1,628
"629",3,1,1,3,1,629
"630",1,1,3,5,1,630
"631",2,1,0,5,1,631
"632",0,1,3,3,1,632
"633",2,0,0,4,2,633
"634",2,3,3,5,2,634
"635",3,2,7,6,2,635
"636",6,4,7,5,2,636
"637",6,2,7,6,2,637
"638",9,3,5,6,2,638
"639",6,3,7,4,2,639
"640",4,2,1,5,2,640
"641",5,5,8,4,2,641
"642",6,3,7,5,1,642
"643",7,9,7,5,2,643
"644",4,6,9,6,1,644
"645",0,1,3,4,1,645
"646",1,1,6,3,2,646
"647",3,3,1,3,1,647
"648",4,2,3,5,2,648
"649",7,2,3,4,2,649
"650",5,2,8,6,2,650
"651",9,1,5,5,1,651
"652",3,5,9,4,2,652
"653",7,4,7,5,1,653
"654",2,4,8,4,2,654
"655",1,2,3,5,1,655
"656",5,4,7,3,1,656
"657",3,0,2,3,1,657
"658",7,4,3,5,2,658
"659",2,1,4,5,1,659
"660",3,0,0,4,1,660
"661",2,4,3,4,1,661
"662",1,1,3,4,1,662
"663",2,3,1,3,2,663
"664",0,1,4,3,1,664
"665",1,3,1,4,2,665
"666",6,3,8,5,2,666
"667",8,3,9,6,2,667
"668",8,4,5,6,2,668
"669",5,2,7,6,2,669
"670",6,1,5,4,1,670
"671",2,3,9,4,2,671
"672",3,3,8,4,1,672
"673",2,4,2,5,2,673
"674",4,2,8,5,1,674
"675",4,3,3,4,1,675
"676",2,0,1,4,2,676
"677",1,1,1,3,1,677
"678",4,1,5,3,1,678
"679",4,2,4,4,1,679
"680",3,4,5,4,1,680
"681",3,0,4,4,1,681
"682",3,1,3,5,1,682
"683",1,1,0,3,1,683
"684",2,3,8,4,2,684
"685",1,1,3,4,2,685
"686",2,5,7,5,2,686
"687",5,4,6,6,2,687
"688",4,4,5,6,2,688
"689",7,3,5,6,2,689
"690",5,2,5,3,2,690
"691",2,1,8,6,2,691
"692",6,3,8,6,2,692
"693",4,2,4,4,1,693
"694",5,5,6,5,2,694
"695",5,5,4,6,2,695
"696",4,2,7,5,1,696
"697",1,3,10,4,2,697
"698",8,3,7,6,2,698
"699",3,5,8,5,2,699
"700",4,2,10,5,1,700
"701",6,3,6,3,2,701
"702",5,0,5,4,1,702
"703",3,4,4,4,1,703
"704",1,0,3,3,2,704
"705",3,0,4,4,2,705
"706",3,4,6,6,1,706
"707",11,6,7,6,2,707
"708",6,4,6,6,2,708
"709",10,3,7,4,2,709
"710",8,4,8,5,2,710
"711",5,4,5,4,2,711
"712",5,1,7,4,1,712
"713",5,7,5,6,1,713
"714",0,1,4,4,1,714
"715",2,4,4,4,1,715
"716",3,4,2,4,1,716
"717",4,3,6,3,2,717
"718",5,4,7,5,2,718
"719",6,5,5,6,2,719
"720",4,1,3,4,2,720
"721",2,3,9,6,2,721
"722",5,3,4,5,2,722
"723",4,6,4,4,1,723
"724",4,5,6,5,2,724
"725",1,4,3,5,1,725
"726",1,2,4,5,2,726
"727",5,2,5,6,2,727
"728",7,4,3,5,2,728
"729",1,4,7,6,1,729
"730",4,3,6,6,2,730
"731",8,0,8,5,2,731
"732",6,2,5,5,2,732
"733",3,3,7,5,2,733
"734",6,4,6,6,1,734
"735",5,0,9,5,2,735
"736",6,4,8,6,2,736
"737",4,5,4,5,2,737
"738",2,5,7,4,2,738
"739",5,2,3,6,2,739
"740",5,6,9,6,2,740
"741",5,2,9,5,1,741
"742",2,3,6,5,2,742
"743",7,4,7,6,2,743
"744",5,1,9,6,2,744
"745",3,4,5,6,2,745
"746",6,3,9,5,2,746
"747",3,5,6,5,2,747
"748",2,1,7,5,2,748
"749",3,4,7,6,2,749
"750",5,3,10,5,2,750
"751",4,2,3,4,1,751
"752",3,5,6,5,2,752
"753",4,1,8,6,2,753
"754",4,1,9,6,2,754
"755",6,3,7,6,1,755
"756",6,3,6,6,2,756
"757",3,4,9,6,2,757
"758",7,3,9,6,2,758
"759",4,1,3,6,2,759
"760",7,2,6,5,2,760
"761",4,3,4,4,2,761
"762",3,6,3,6,1,762
"763",5,2,9,4,2,763
"764",2,4,4,6,1,764
"765",3,2,1,3,1,765
"766",1,4,5,3,2,766
"767",5,1,3,4,1,767
"768",1,0,0,3,1,768
"769",3,1,2,5,1,769
"770",0,0,1,4,1,770
"771",4,1,5,4,2,771
"772",2,1,6,5,2,772
"773",3,8,4,6,2,773
"774",4,4,9,4,2,774
"775",4,4,8,4,1,775
"776",5,1,7,5,2,776
"777",8,6,2,6,1,777
"778",4,1,4,5,2,778
"779",4,1,10,5,2,779
"780",7,1,8,3,2,780
"781",1,4,4,4,1,781
"782",10,4,3,4,2,782
"783",6,6,9,5,1,783
"784",1,1,2,3,2,784
"785",1,4,10,5,2,785
"786",6,5,7,6,1,786
"787",2,0,6,5,2,787
"788",15,10,9,6,1,788
"789",4,1,3,4,1,789
"790",3,2,1,3,1,790
"791",3,0,7,3,1,791
"792",3,3,1,3,1,792
"793",4,1,3,5,1,793
"794",0,6,1,3,1,794
"795",2,2,6,3,1,795
"796",1,1,4,4,2,796
"797",2,3,2,3,1,797
"798",0,2,4,4,1,798
"799",1,4,5,5,1,799
"800",1,1,9,4,1,800
"801",7,3,6,4,2,801
"802",0,0,6,3,1,802
"803",3,2,4,6,1,803
"804",3,0,4,4,2,804
"805",0,0,2,3,1,805
"806",2,0,5,4,2,806
"807",7,7,8,6,2,807
"808",4,3,3,4,2,808
"809",7,4,8,6,2,809
"810",1,3,7,3,2,810
"811",8,2,8,5,1,811
"812",8,4,7,6,2,812
"813",4,4,2,5,2,813
"814",5,2,6,3,2,814
"815",3,5,4,5,2,815
"816",12,1,8,6,2,816
"817",4,8,5,4,1,817
"818",1,3,4,3,2,818
"819",3,2,6,6,2,819
"820",5,5,7,5,1,820
"821",5,3,8,6,1,821
"822",5,3,3,4,1,822
"823",1,1,6,4,2,823
"824",1,0,2,5,1,824
"825",4,0,3,4,1,825
"826",4,1,3,3,2,826
"827",1,0,6,3,2,827
"828",6,6,7,6,1,828
"829",5,3,7,6,2,829
"830",3,2,4,5,1,830
"831",4,4,3,5,1,831
"832",3,4,3,5,1,832
"833",4,1,4,5,2,833
"834",0,1,3,4,1,834
"835",0,0,3,3,2,835
"836",4,4,7,5,1,836
"837",1,2,1,3,2,837
"838",5,5,7,5,2,838
"839",4,4,5,3,2,839
"840",8,0,7,5,2,840
"841",8,2,6,4,1,841
"842",8,3,6,6,1,842
"843",1,0,2,3,1,843
"844",4,2,6,5,1,844
"845",0,3,3,4,1,845
"846",4,3,6,4,1,846
"847",5,2,1,3,1,847
"848",1,2,3,4,1,848
"849",4,2,3,4,1,849
"850",2,1,3,4,2,850
"851",1,1,5,5,1,851
"852",2,0,1,4,1,852
"853",2,2,3,3,1,853
"854",3,5,5,6,2,854
"855",1,3,3,5,1,855
"856",2,4,5,3,1,856
"857",4,0,2,4,2,857
"858",2,1,5,5,1,858
"859",6,2,4,3,1,859
"860",3,2,5,3,1,860
"861",0,2,1,3,2,861
"862",5,0,2,3,1,862
"863",0,1,1,4,1,863
"864",0,3,1,3,1,864
"865",1,1,4,3,1,865
"866",3,3,6,3,1,866
"867",0,2,0,4,1,867
"868",1,0,3,4,1,868
"869",0,5,6,5,1,869
"870",1,0,3,3,1,870
"871",3,0,7,4,1,871
"872",0,0,3,5,1,872
"873",0,1,7,5,1,873
"874",2,1,4,4,1,874
"875",2,1,1,4,2,875
"876",2,0,4,3,2,876
"877",6,3,6,6,2,877
"878",2,4,5,5,2,878
"879",4,0,6,5,2,879
"880",8,1,8,3,2,880
"881",7,2,7,6,2,881
"882",3,4,9,4,1,882
"883",6,5,10,4,1,883
"884",0,3,3,5,1,884
"885",1,0,4,4,2,885
"886",1,1,6,4,2,886
"887",5,7,6,4,1,887
"888",9,4,2,4,2,888
"889",5,2,7,6,2,889
"890",7,3,4,5,1,890
"891",11,0,8,6,2,891
"892",8,2,8,6,2,892
"893",5,3,9,6,2,893
"894",7,5,8,6,2,894
"895",6,8,4,4,2,895
"896",6,3,9,6,2,896
"897",4,6,9,4,2,897
"898",4,8,6,6,2,898
"899",0,7,9,6,2,899
"900",1,3,8,5,1,900
"901",3,7,9,6,2,901
"902",1,6,9,5,2,902
"903",5,5,9,6,2,903
"904",2,3,7,6,1,904
"905",5,2,7,6,1,905
"906",0,0,4,3,1,906
"907",0,0,5,3,1,907
"908",1,0,1,3,1,908
"909",3,0,1,3,1,909
"910",3,0,2,3,1,910
"911",2,0,8,4,1,911
"912",1,1,1,4,1,912
"913",1,0,6,4,1,913
"914",1,0,0,3,1,914
"915",0,0,4,3,2,915
"916",0,2,1,3,1,916
"917",1,3,5,3,1,917
"918",0,1,5,5,1,918
"919",2,0,0,4,1,919
"920",3,1,2,5,1,920
"921",1,0,2,3,1,921
"922",0,0,3,5,1,922
"923",0,0,5,4,1,923
"924",0,0,3,3,1,924
"925",3,0,5,5,2,925
"926",1,0,3,5,2,926
"927",6,3,6,5,2,927
"928",7,6,9,6,1,928
"929",9,5,9,5,1,929
"930",0,0,2,3,1,930
"931",5,0,1,4,1,931
"932",6,1,2,5,1,932
"933",0,0,4,3,1,933
"934",4,3,5,3,1,934
"935",6,4,4,4,1,935
"936",3,2,1,4,1,936
"937",0,0,2,4,1,937
"938",2,0,5,4,2,938
"939",3,5,5,5,2,939
"940",7,9,8,6,1,940
"941",8,1,6,6,2,941
"942",4,7,7,5,1,942
"943",1,2,1,3,1,943
"944",1,1,4,4,1,944
"945",3,0,5,4,2,945
"946",6,2,2,4,1,946
"947",2,1,3,4,1,947
"948",2,1,2,4,1,948
"949",0,0,2,4,1,949
"950",1,4,1,5,2,950
"951",1,0,4,3,2,951
"952",8,2,5,6,1,952
"953",1,4,5,5,1,953
"954",2,2,3,5,1,954
"955",2,3,2,4,1,955
"956",2,2,2,3,1,956
"957",2,2,0,5,2,957
"958",2,0,6,3,1,958
"959",4,0,2,3,1,959
"960",3,4,5,3,2,960
"961",2,1,7,4,2,961
"962",4,4,10,6,2,962
"963",6,4,5,6,2,963
"964",8,3,5,5,2,964
"965",7,6,7,6,2,965
"966",2,3,6,4,1,966
"967",9,7,7,6,2,967
"968",4,6,7,5,2,968
"969",4,1,4,3,2,969
"970",1,3,9,5,2,970
"971",3,3,8,6,1,971
"972",5,6,8,5,1,972
"973",0,1,2,3,1,973
"974",3,1,6,6,2,974
"975",2,4,7,4,1,975
"976",3,1,6,6,2,976
"977",6,5,8,6,2,977
"978",9,0,6,5,2,978
"979",11,2,8,5,2,979
"980",6,3,8,4,2,980
"981",10,0,5,3,1,981
"982",5,3,8,6,1,982
"983",2,0,3,6,2,983
"984",5,1,4,4,1,984
"985",1,0,3,3,1,985
"986",0,2,0,3,2,986
"987",0,4,8,4,1,987
"988",3,3,5,4,1,988
"989",3,6,2,6,1,989
"990",3,1,5,4,1,990
"991",1,1,1,3,1,991
"992",1,5,7,4,2,992
"993",8,1,3,4,1,993
"994",1,0,5,3,1,994
"995",0,0,4,3,1,995
"996",2,1,1,5,1,996
"997",2,3,0,4,1,997
"998",2,3,0,4,1,998
"999",9,1,3,3,2,999
"1000",3,1,1,4,2,1000
"1001",3,9,7,6,2,1001
"1002",4,3,8,5,2,1002
"1003",4,1,8,5,2,1003
"1004",2,3,4,3,2,1004
"1005",3,4,8,6,2,1005
"1006",7,2,7,6,2,1006
"1007",6,12,5,5,1,1007
"1008",4,4,5,5,2,1008
"1009",2,1,3,4,2,1009
"1010",4,4,9,6,2,1010
"1011",6,4,10,4,2,1011
"1012",5,2,6,5,1,1012
"1013",4,2,8,6,2,1013
"1014",9,5,8,3,1,1014
"1015",1,2,5,4,1,1015
"1016",0,0,1,5,1,1016
"1017",2,1,6,5,2,1017
"1018",3,1,3,4,1,1018
"1019",5,2,6,3,2,1019
"1020",7,5,9,6,1,1020
"1021",3,0,5,3,1,1021
"1022",2,1,5,5,1,1022
"1023",0,3,2,3,1,1023
"1024",6,0,2,4,1,1024
"1025",1,0,2,3,2,1025
"1026",4,1,6,4,1,1026
"1027",5,2,6,4,2,1027
"1028",5,6,7,6,2,1028
"1029",3,5,9,6,2,1029
"1030",3,6,7,5,2,1030
"1031",1,4,6,5,2,1031
"1032",7,1,9,5,2,1032
"1033",3,10,7,6,2,1033
"1034",7,3,8,4,2,1034
"1035",3,7,9,5,2,1035
"1036",7,6,5,6,2,1036
"1037",4,2,4,5,1,1037
"1038",4,1,6,5,2,1038
"1039",4,3,8,5,2,1039
"1040",5,0,6,6,2,1040
"1041",4,5,7,5,2,1041
"1042",5,2,8,6,1,1042
"1043",4,5,8,5,2,1043
"1044",9,1,4,5,2,1044
"1045",7,5,9,6,2,1045
"1046",4,4,6,6,2,1046
"1047",3,2,4,5,2,1047
"1048",4,2,6,6,2,1048
"1049",6,4,3,5,2,1049
"1050",3,3,7,4,2,1050
"1051",3,3,6,6,2,1051
"1052",3,2,5,5,2,1052
"1053",5,8,6,6,1,1053
"1054",5,3,9,4,2,1054
"1055",4,2,5,4,2,1055
"1056",2,1,4,5,1,1056
"1057",4,3,1,5,1,1057
"1058",0,2,0,3,2,1058
"1059",3,1,3,4,1,1059
"1060",3,0,4,3,1,1060
"1061",0,1,1,3,1,1061
"1062",4,3,4,6,1,1062
"1063",1,1,2,4,1,1063
"1064",2,0,4,3,1,1064
"1065",5,2,1,4,2,1065
"1066",1,2,4,5,2,1066
"1067",8,3,7,6,2,1067
"1068",5,4,10,6,2,1068
"1069",5,7,5,4,1,1069
"1070",3,1,8,6,2,1070
"1071",2,4,6,6,2,1071
"1072",8,3,6,6,1,1072
"1073",6,5,8,5,2,1073
"1074",3,6,7,6,2,1074
"1075",5,2,3,4,2,1075
"1076",8,4,6,5,2,1076
"1077",3,2,7,4,2,1077
"1078",4,4,6,6,1,1078
"1079",10,1,8,6,2,1079
"1080",6,2,6,6,2,1080
"1081",2,6,7,6,2,1081
"1082",0,6,7,5,2,1082
"1083",4,1,6,5,2,1083
"1084",4,4,6,6,2,1084
"1085",8,6,5,5,2,1085
"1086",5,2,9,4,2,1086
"1087",6,2,7,5,2,1087
"1088",1,8,7,6,2,1088
"1089",3,3,3,4,1,1089
"1090",4,2,9,5,2,1090
"1091",3,0,5,5,2,1091
"1092",4,3,4,5,1,1092
"1093",5,2,4,4,2,1093
"1094",1,5,6,5,2,1094
"1095",6,4,6,5,2,1095
"1096",7,5,8,4,2,1096
"1097",5,1,9,6,2,1097
"1098",3,4,8,6,2,1098
"1099",7,2,7,4,1,1099
"1100",3,2,4,4,2,1100
"1101",5,3,8,5,2,1101
"1102",6,3,7,5,2,1102
"1103",3,0,6,5,1,1103
"1104",5,5,7,6,2,1104
"1105",5,5,7,6,2,1105
"1106",7,4,8,5,2,1106
"1107",1,1,6,5,2,1107
"1108",5,5,5,5,2,1108
"1109",7,3,7,4,2,1109
"1110",10,4,6,6,2,1110
"1111",6,5,9,6,2,1111
"1112",3,2,3,4,1,1112
"1113",4,2,6,6,2,1113
"1114",2,4,6,4,2,1114
"1115",3,4,6,4,1,1115
"1116",6,0,3,5,2,1116
"1117",5,4,7,6,2,1117
"1118",3,4,3,4,1,1118
"1119",9,7,4,6,2,1119
"1120",4,5,3,4,2,1120
"1121",3,3,8,6,1,1121
"1122",7,3,8,5,2,1122
"1123",1,2,7,5,1,1123
"1124",4,0,5,5,1,1124
"1125",4,2,6,5,2,1125
"1126",1,0,4,4,1,1126
"1127",2,2,5,4,2,1127
"1128",7,7,8,5,2,1128
"1129",4,3,10,6,1,1129
"1130",9,3,9,6,2,1130
"1131",2,5,9,4,2,1131
"1132",7,0,8,6,2,1132
"1133",4,4,4,5,2,1133
"1134",8,6,8,6,1,1134
"1135",8,4,8,6,2,1135
"1136",9,3,9,6,2,1136
"1137",4,4,8,6,2,1137
"1138",4,2,4,5,2,1138
"1139",4,5,8,5,2,1139
"1140",4,2,7,5,2,1140
"1141",6,4,5,5,1,1141
"1142",2,4,9,6,1,1142
"1143",1,2,3,4,1,1143
"1144",2,3,3,3,1,1144
"1145",1,2,3,4,1,1145
"1146",1,0,2,4,2,1146
"1147",1,2,4,3,1,1147
"1148",4,1,3,4,2,1148
"1149",8,3,5,5,2,1149
"1150",4,6,8,6,2,1150
"1151",2,1,3,4,2,1151
"1152",4,3,6,6,1,1152
"1153",8,3,6,5,2,1153
"1154",3,4,6,4,1,1154
"1155",4,1,7,6,1,1155
"1156",2,1,3,3,2,1156
"1157",2,2,4,3,2,1157
"1158",4,6,6,6,1,1158
"1159",7,2,7,6,2,1159
"1160",2,2,9,6,2,1160
"1161",7,3,10,6,2,1161
"1162",2,6,6,6,2,1162
"1163",6,2,7,5,2,1163
"1164",6,4,7,5,2,1164
"1165",10,3,7,4,2,1165
"1166",3,3,8,6,2,1166
"1167",2,3,6,5,2,1167
"1168",2,4,5,6,1,1168
"1169",2,2,6,5,2,1169
"1170",5,6,6,6,1,1170
"1171",0,0,2,5,1,1171
"1172",1,3,3,4,2,1172
"1173",2,4,3,4,1,1173
"1174",1,3,4,4,2,1174
"1175",7,2,4,4,1,1175
"1176",1,0,0,3,1,1176
"1177",3,0,5,4,1,1177
"1178",1,0,5,5,2,1178
"1179",3,1,4,3,1,1179
"1180",1,0,7,3,2,1180
"1181",7,3,5,5,1,1181
"1182",2,0,5,3,1,1182
"1183",2,2,5,4,1,1183
"1184",2,1,4,4,1,1184
"1185",4,4,5,5,1,1185
"1186",0,1,2,3,1,1186
"1187",1,0,1,3,1,1187
"1188",3,3,4,4,2,1188
"1189",1,1,8,3,1,1189
"1190",0,0,5,3,1,1190
"1191",2,3,4,5,1,1191
"1192",0,0,2,4,1,1192
"1193",2,3,4,3,1,1193
"1194",2,3,6,4,2,1194
"1195",2,1,5,3,2,1195
"1196",4,4,10,4,2,1196
"1197",3,5,10,4,2,1197
"1198",5,1,7,5,2,1198
"1199",1,5,8,6,1,1199
"1200",3,6,8,6,2,1200
"1201",7,2,6,6,2,1201
"1202",10,1,9,5,2,1202
"1203",2,2,4,3,2,1203
"1204",7,3,10,5,2,1204
"1205",5,5,7,6,2,1205
"1206",8,2,4,4,1,1206
"1207",6,6,9,4,1,1207
"1208",3,1,4,5,2,1208
"1209",1,1,1,4,2,1209
"1210",1,3,4,5,1,1210
"1211",3,0,4,6,1,1211
"1212",4,0,6,5,1,1212
"1213",3,2,1,3,1,1213
"1214",2,3,5,3,1,1214
"1215",3,1,4,4,2,1215
"1216",2,1,2,5,1,1216
"1217",1,0,2,5,1,1217
"1218",2,3,1,3,1,1218
"1219",2,3,3,4,2,1219
"1220",2,2,5,3,2,1220
"1221",3,2,4,5,2,1221
"1222",6,1,10,6,2,1222
"1223",1,2,4,4,2,1223
"1224",4,4,8,4,2,1224
"1225",4,7,7,6,2,1225
"1226",9,4,4,6,2,1226
"1227",10,4,7,6,1,1227
"1228",1,6,6,6,2,1228
"1229",5,5,9,3,2,1229
"1230",0,4,3,4,1,1230
"1231",5,4,4,6,2,1231
"1232",2,5,6,6,1,1232
"1233",2,0,1,3,1,1233
"1234",3,2,1,3,1,1234
"1235",1,0,3,3,1,1235
"1236",1,1,3,5,1,1236
"1237",0,1,1,3,1,1237
"1238",1,3,4,4,1,1238
"1239",7,3,0,3,2,1239
"1240",2,0,5,5,1,1240
"1241",2,2,5,4,1,1241
"1242",1,0,3,4,1,1242
"1243",0,0,2,3,1,1243
"1244",2,2,7,5,1,1244
"1245",0,0,6,3,1,1245
"1246",0,2,2,6,1,1246
"1247",4,3,2,5,1,1247
"1248",1,0,1,4,2,1248
"1249",2,0,1,5,2,1249
"1250",4,1,4,6,1,1250
"1251",7,3,10,6,2,1251
"1252",4,9,7,6,1,1252
"1253",1,1,3,4,1,1253
"1254",0,0,0,3,1,1254
"1255",0,0,0,3,1,1255
"1256",2,1,4,3,2,1256
"1257",5,1,2,4,2,1257
"1258",7,0,4,5,2,1258
"1259",9,1,4,4,2,1259
"1260",7,5,4,6,2,1260
"1261",8,3,7,6,2,1261
"1262",2,4,6,5,1,1262
"1263",3,3,6,6,2,1263
"1264",3,5,5,5,2,1264
"1265",7,3,7,6,2,1265
"1266",8,4,7,5,2,1266
"1267",4,1,8,6,1,1267
"1268",2,2,6,4,2,1268
"1269",4,8,9,6,2,1269
"1270",6,7,9,6,2,1270
"1271",7,6,8,5,1,1271
"1272",1,4,6,5,2,1272
"1273",2,4,9,4,2,1273
"1274",5,1,5,4,2,1274
"1275",5,2,10,6,2,1275
"1276",5,0,5,4,1,1276
"1277",2,4,4,6,1,1277
"1278",1,2,0,4,1,1278
"1279",2,1,1,4,1,1279
"1280",4,0,1,5,1,1280
"1281",0,1,4,3,2,1281
"1282",2,2,4,5,2,1282
"1283",3,5,5,5,1,1283
"1284",2,0,3,5,1,1284
"1285",2,0,4,4,1,1285
"1286",4,0,2,3,1,1286
"1287",3,3,1,4,2,1287
"1288",3,0,2,4,2,1288
"1289",2,4,6,5,2,1289
"1290",6,2,7,5,2,1290
"1291",6,2,6,6,1,1291
"1292",7,3,6,4,2,1292
"1293",1,7,5,5,2,1293
"1294",5,1,8,5,2,1294
"1295",3,2,6,6,1,1295
"1296",3,1,5,4,2,1296
"1297",6,3,7,6,2,1297
"1298",3,5,7,5,2,1298
"1299",3,5,5,5,2,1299
"1300",6,5,6,6,2,1300
"1301",4,4,5,5,2,1301
"1302",4,1,7,6,2,1302
"1303",1,4,3,5,2,1303
"1304",9,5,5,4,2,1304
"1305",8,7,7,4,2,1305
"1306",4,0,8,4,2,1306
"1307",1,3,7,6,1,1307
"1308",6,3,7,5,1,1308
"1309",2,3,5,4,2,1309
"1310",2,2,2,4,1,1310
"1311",1,1,3,3,1,1311
"1312",0,0,2,3,1,1312
"1313",2,1,5,4,1,1313
"1314",1,1,5,4,1,1314
"1315",1,1,6,4,1,1315
"1316",5,0,5,4,1,1316
"1317",5,4,4,3,1,1317
"1318",2,2,6,3,1,1318
"1319",1,2,8,5,2,1319
"1320",1,0,5,3,1,1320
"1321",2,2,3,4,1,1321
"1322",2,1,0,3,1,1322
"1323",0,2,3,5,1,1323
"1324",3,1,3,4,2,1324
"1325",2,0,3,3,1,1325
"1326",4,2,2,4,2,1326
"1327",6,2,9,6,2,1327
"1328",5,2,8,6,2,1328
"1329",3,8,9,6,2,1329
"1330",4,8,9,5,2,1330
"1331",8,5,8,6,2,1331
"1332",5,1,8,4,2,1332
"1333",6,4,1,6,1,1333
"1334",2,4,7,5,2,1334
"1335",7,4,9,5,1,1335
"1336",1,0,0,4,1,1336
"1337",2,2,2,5,1,1337
"1338",3,1,4,5,1,1338
"1339",1,2,3,6,1,1339
"1340",0,3,2,3,1,1340
"1341",1,3,4,3,1,1341
"1342",3,1,3,3,2,1342
"1343",2,1,4,5,1,1343
"1344",4,2,3,3,1,1344
"1345",0,1,2,3,1,1345
"1346",1,1,1,3,2,1346
"1347",4,0,5,3,1,1347
"1348",3,3,7,3,1,1348
"1349",2,1,4,4,1,1349
"1350",5,1,7,4,1,1350
"1351",7,3,4,3,1,1351
"1352",1,0,3,3,1,1352
"1353",0,0,4,3,1,1353
"1354",1,0,1,3,1,1354
"1355",5,3,3,3,1,1355
"1356",0,1,7,4,1,1356
"1357",2,4,3,4,1,1357
"1358",1,0,6,3,1,1358
"1359",0,1,2,3,1,1359
"1360",2,3,2,5,1,1360
"1361",4,2,1,5,1,1361
"1362",3,2,2,5,1,1362
"1363",1,4,0,3,2,1363
"1364",1,6,2,3,2,1364
"1365",3,3,10,5,1,1365
"1366",3,1,4,5,2,1366
"1367",3,2,7,6,2,1367
"1368",6,6,6,6,2,1368
"1369",6,2,8,6,2,1369
"1370",2,3,6,5,2,1370
"1371",3,2,7,6,2,1371
"1372",8,1,7,6,2,1372
"1373",7,3,7,6,2,1373
"1374",7,4,8,5,2,1374
"1375",2,3,7,4,2,1375
"1376",1,1,7,4,2,1376
"1377",5,1,7,4,2,1377
"1378",3,1,4,4,1,1378
"1379",5,3,8,6,1,1379
"1380",1,1,4,4,2,1380
"1381",1,2,3,5,2,1381
"1382",5,4,7,5,2,1382
"1383",5,2,8,5,2,1383
"1384",2,2,7,6,1,1384
"1385",3,7,5,6,2,1385
"1386",3,5,5,5,2,1386
"1387",7,7,9,6,2,1387
"1388",7,2,6,4,2,1388
"1389",10,1,10,5,2,1389
"1390",6,3,4,5,2,1390
"1391",3,3,8,5,1,1391
"1392",6,4,8,6,2,1392
"1393",7,3,9,6,2,1393
"1394",6,1,10,4,2,1394
"1395",4,3,6,4,2,1395
"1396",3,3,8,6,2,1396
"1397",1,1,3,4,1,1397
"1398",5,3,7,4,2,1398
"1399",2,2,4,5,2,1399
"1400",8,5,7,4,1,1400
"1401",5,4,6,5,1,1401
"1402",2,3,2,4,1,1402
"1403",2,3,3,6,2,1403
"1404",2,1,6,4,1,1404
"1405",0,2,3,4,2,1405
"1406",9,6,4,5,1,1406
"1407",3,1,3,4,1,1407
"1408",2,2,9,3,1,1408
"1409",4,1,2,3,2,1409
"1410",5,0,2,3,1,1410
"1411",1,0,1,3,1,1411
"1412",3,0,3,4,1,1412
"1413",1,4,3,3,1,1413
"1414",2,1,1,4,1,1414
"1415",5,2,7,4,1,1415
"1416",1,2,3,4,1,1416
"1417",2,0,5,5,1,1417
"1418",2,0,4,3,1,1418
"1419",1,3,4,4,1,1419
"1420",0,1,1,3,2,1420
"1421",0,0,2,5,1,1421
"1422",1,2,6,4,2,1422
"1423",2,5,7,4,2,1423
"1424",3,2,7,5,1,1424
"1425",1,3,6,5,1,1425
"1426",2,1,3,3,2,1426
"1427",2,2,3,3,1,1427
"1428",2,3,3,4,1,1428
"1429",5,1,4,4,1,1429
"1430",1,1,2,4,1,1430
"1431",6,3,5,3,1,1431
"1432",1,1,3,5,1,1432
"1433",3,0,0,3,1,1433
"1434",1,0,2,3,1,1434
"1435",4,0,5,5,2,1435
"1436",1,1,4,4,1,1436
"1437",1,0,2,3,1,1437
"1438",0,0,4,5,2,1438
"1439",0,1,5,4,1,1439
"1440",1,0,2,3,1,1440
"1441",1,1,1,4,2,1441
"1442",6,2,5,5,1,1442
"1443",0,2,4,3,1,1443
"1444",3,2,2,4,1,1444
"1445",2,1,4,6,1,1445
"1446",2,5,6,4,1,1446
"1447",3,1,1,3,1,1447
"1448",4,6,2,5,1,1448
"1449",2,1,7,3,1,1449
"1450",4,4,4,5,1,1450
"1451",5,1,6,4,1,1451
"1452",1,1,2,3,1,1452
"1453",3,0,3,3,2,1453
"1454",2,0,4,4,1,1454
"1455",1,1,4,5,1,1455
"1456",3,1,2,3,1,1456
"1457",5,2,2,4,1,1457
"1458",0,0,4,3,1,1458
"1459",2,2,3,3,1,1459
"1460",0,1,1,4,1,1460
