call_counts,text_counts,duration,survey_outcome,z,day,response_mar,imputed_survey_outcome_mice,imputed_survey_outcome_mean,imputed_survey_outcome_forward,imputed_survey_outcome_missforest
3,3,3,3,1,1,1,3,3,3,3
5,5,5,NA,1,2,0,5,4,3,4
6,6,6,NA,1,3,0,5,4,3,4
2,1,2,NA,1,4,0,3,4,3,4
1,1,3,3,1,5,1,3,3,3,3
3,2,2,NA,1,6,0,3,4,3,4
2,2,5,NA,2,7,0,3,4,3,4
1,0,3,4,1,8,1,4,4,4,4
5,4,2,NA,2,9,0,4,4,4,4
9,6,7,NA,1,10,0,6,4,4,4
2,1,4,3,1,11,1,3,3,3,3
2,1,4,3,1,12,1,3,3,3,3
0,0,3,4,1,13,1,4,4,4,4
0,0,5,3,1,14,1,3,3,3,3
1,0,3,5,1,15,1,5,5,5,5
4,3,2,4,2,16,1,4,4,4,4
3,2,1,NA,2,17,0,3,4,4,3
5,4,8,3,1,18,1,3,3,3,3
5,4,7,NA,2,19,0,5,4,3,4
6,5,7,NA,1,20,0,4,4,3,4
4,4,4,5,2,21,1,5,5,5,5
3,2,8,6,2,22,1,6,6,6,6
5,4,8,5,1,23,1,5,5,5,5
7,6,8,NA,1,24,0,5,4,5,4
1,0,4,3,1,25,1,3,3,3,3
2,1,3,4,1,26,1,4,4,4,4
2,0,1,3,2,27,1,3,3,3,3
1,0,4,3,1,28,1,3,3,3,3
1,1,3,NA,1,29,0,3,4,3,4
0,0,3,4,1,30,1,4,4,4,4
2,1,2,5,1,31,1,5,5,5,5
4,4,3,4,2,32,1,4,4,4,4
1,0,3,4,1,33,1,4,4,4,4
1,1,4,3,1,34,1,3,3,3,3
2,2,3,NA,1,35,0,4,4,3,4
2,1,3,4,1,36,1,4,4,4,4
1,1,3,4,1,37,1,4,4,4,4
5,3,2,NA,2,38,0,4,4,4,4
2,2,3,5,2,39,1,5,5,5,5
7,6,7,NA,1,40,0,4,4,5,4
2,2,7,NA,2,41,0,5,4,5,5
5,4,8,4,1,42,1,4,4,4,4
2,1,4,4,1,43,1,4,4,4,4
3,3,3,4,2,44,1,4,4,4,4
2,2,3,4,1,45,1,4,4,4,4
3,2,4,NA,2,46,0,3,4,4,4
4,3,8,6,2,47,1,6,6,6,6
5,4,6,NA,2,48,0,5,4,6,4
7,6,6,NA,1,49,0,3,4,6,4
1,0,7,5,2,50,1,5,5,5,5
4,3,8,5,2,51,1,5,5,5,5
6,5,7,4,1,52,1,4,4,4,4
5,4,8,NA,1,53,0,4,4,4,4
2,1,3,3,1,54,1,3,3,3,3
5,4,2,NA,2,55,0,3,4,3,4
2,1,3,3,1,56,1,3,3,3,3
2,1,2,4,1,57,1,4,4,4,4
0,0,4,3,1,58,1,3,3,3,3
0,0,5,4,1,59,1,4,4,4,4
1,0,3,4,1,60,1,4,4,4,4
3,1,2,NA,1,61,0,3,4,4,3
2,1,4,3,1,62,1,3,3,3,3
2,2,3,4,1,63,1,4,4,4,4
0,0,5,3,1,64,1,3,3,3,3
4,2,3,NA,1,65,0,3,4,3,3
1,2,4,3,1,66,1,3,3,3,3
2,1,3,3,1,67,1,3,3,3,3
2,2,2,NA,2,68,0,3,4,3,4
2,0,3,3,1,69,1,3,3,3,3
2,2,1,NA,1,70,0,3,4,3,4
1,0,4,3,1,71,1,3,3,3,3
3,1,3,NA,1,72,0,4,4,3,4
0,0,5,3,1,73,1,3,3,3,3
4,2,3,3,1,74,1,3,3,3,3
2,0,2,4,2,75,1,4,4,4,4
3,2,4,NA,1,76,0,3,4,4,4
2,1,2,NA,1,77,0,4,4,4,4
2,3,2,4,1,78,1,4,4,4,4
2,0,3,4,2,79,1,4,4,4,4
4,1,3,NA,2,80,0,3,4,4,4
7,4,7,NA,2,81,0,4,4,4,5
4,5,7,5,1,82,1,5,5,5,5
7,6,6,NA,1,83,0,6,4,5,4
6,1,2,3,1,84,1,3,3,3,3
2,3,3,NA,2,85,0,6,4,3,4
1,3,4,3,1,86,1,3,3,3,3
2,2,1,4,1,87,1,4,4,4,4
1,1,4,3,1,88,1,3,3,3,3
3,1,3,3,1,89,1,3,3,3,3
0,0,4,3,1,90,1,3,3,3,3
3,3,3,3,1,91,1,3,3,3,3
0,0,3,3,1,92,1,3,3,3,3
1,1,3,4,1,93,1,4,4,4,4
1,0,2,5,1,94,1,5,5,5,5
0,0,4,4,1,95,1,4,4,4,4
0,0,4,4,1,96,1,4,4,4,4
2,0,4,3,2,97,1,3,3,3,3
2,0,5,3,1,98,1,3,3,3,3
3,1,4,NA,2,99,0,5,4,3,4
8,6,6,NA,2,100,0,5,4,3,4
5,5,6,NA,2,101,0,5,4,3,4
5,6,6,NA,2,102,0,4,4,3,4
7,4,7,NA,2,103,0,4,4,3,5
5,3,6,3,2,104,1,3,3,3,3
6,6,7,NA,2,105,0,5,4,3,4
5,4,6,NA,2,106,0,5,4,3,4
4,4,7,NA,1,107,0,4,4,3,5
11,3,6,NA,2,108,0,5,4,3,4
5,2,9,NA,2,109,0,5,4,3,5
2,8,8,NA,2,110,0,5,4,3,5
2,3,8,NA,2,111,0,6,4,3,5
5,2,7,NA,1,112,0,5,4,3,5
7,1,9,NA,1,113,0,5,4,3,5
3,2,2,4,2,114,1,4,4,4,4
5,4,3,NA,2,115,0,5,4,4,4
5,3,8,NA,2,116,0,6,4,4,5
4,8,6,NA,2,117,0,5,4,4,5
4,5,7,NA,2,118,0,6,4,4,5
3,3,7,6,2,119,1,6,6,6,6
1,3,7,5,2,120,1,5,5,5,5
6,2,7,3,2,121,1,3,3,3,3
2,0,7,5,2,122,1,5,5,5,5
5,5,7,NA,2,123,0,6,4,5,4
6,2,6,NA,1,124,0,5,4,5,4
9,3,8,NA,2,125,0,3,4,5,4
5,5,7,NA,2,126,0,6,4,5,4
5,9,7,NA,2,127,0,6,4,5,4
3,4,7,NA,1,128,0,5,4,5,5
5,3,8,NA,2,129,0,6,4,5,5
5,2,7,NA,2,130,0,4,4,5,5
5,5,7,NA,2,131,0,6,4,5,4
3,4,6,NA,2,132,0,5,4,5,4
3,4,7,NA,2,133,0,5,4,5,5
5,2,7,NA,2,134,0,5,4,5,5
5,2,6,NA,2,135,0,4,4,5,5
2,3,8,5,2,136,1,5,5,5,5
2,4,5,6,2,137,1,6,6,6,6
6,1,7,5,1,138,1,5,5,5,5
10,1,5,4,2,139,1,4,4,4,4
5,5,7,NA,2,140,0,3,4,4,4
5,7,6,NA,2,141,0,6,4,4,4
5,4,6,NA,1,142,0,5,4,4,4
10,4,7,NA,2,143,0,5,4,4,4
6,4,5,NA,2,144,0,4,4,4,4
5,7,8,NA,1,145,0,4,4,4,4
6,4,5,NA,2,146,0,5,4,4,4
3,5,7,NA,2,147,0,6,4,4,5
4,4,6,5,2,148,1,5,5,5,5
6,3,6,NA,2,149,0,6,4,5,4
3,1,9,NA,1,150,0,4,4,5,5
3,5,7,5,1,151,1,5,5,5,5
4,2,2,4,1,152,1,4,4,4,4
1,1,1,4,2,153,1,4,4,4,4
4,2,3,3,1,154,1,3,3,3,3
2,0,3,4,1,155,1,4,4,4,4
2,4,3,3,1,156,1,3,3,3,3
2,2,2,4,1,157,1,4,4,4,4
3,2,2,3,1,158,1,3,3,3,3
3,1,2,3,1,159,1,3,3,3,3
0,1,4,3,1,160,1,3,3,3,3
3,2,2,4,1,161,1,4,4,4,4
1,1,2,NA,1,162,0,3,4,4,3
0,1,5,3,1,163,1,3,3,3,3
1,0,3,5,1,164,1,5,5,5,5
1,1,3,NA,2,165,0,3,4,5,4
2,0,4,4,1,166,1,4,4,4,4
1,0,4,3,1,167,1,3,3,3,3
4,4,2,NA,2,168,0,4,4,3,4
2,0,5,3,1,169,1,3,3,3,3
2,2,3,4,1,170,1,4,4,4,4
1,3,2,4,1,171,1,4,4,4,4
1,4,3,NA,2,172,0,3,4,4,4
3,1,3,NA,1,173,0,4,4,4,4
0,0,5,3,1,174,1,3,3,3,3
1,0,3,3,2,175,1,3,3,3,3
2,0,3,NA,2,176,0,3,4,3,4
7,5,7,NA,2,177,0,5,4,3,4
7,3,7,5,2,178,1,5,5,5,5
4,5,7,NA,1,179,0,5,4,5,5
3,5,8,4,1,180,1,4,4,4,4
2,0,5,3,1,181,1,3,3,3,3
1,2,4,3,1,182,1,3,3,3,3
2,1,4,NA,2,183,0,3,4,3,4
3,1,2,4,1,184,1,4,4,4,4
2,2,4,NA,1,185,0,5,4,4,4
1,1,3,3,2,186,1,3,3,3,3
1,3,2,NA,1,187,0,4,4,3,4
4,1,4,NA,2,188,0,3,4,3,5
5,7,7,4,2,189,1,4,4,4,4
6,2,8,4,1,190,1,4,4,4,4
3,2,6,NA,2,191,0,5,4,4,6
6,6,7,NA,1,192,0,5,4,4,4
4,2,2,3,1,193,1,3,3,3,3
4,4,3,5,2,194,1,5,5,5,5
2,0,3,3,1,195,1,3,3,3,3
4,3,2,NA,1,196,0,4,4,3,4
1,1,4,3,2,197,1,3,3,3,3
1,4,2,NA,1,198,0,3,4,3,4
6,2,2,NA,1,199,0,6,4,3,3
0,1,4,4,1,200,1,4,4,4,4
3,1,2,4,2,201,1,4,4,4,4
0,0,3,3,1,202,1,3,3,3,3
3,4,3,4,2,203,1,4,4,4,4
4,2,7,5,2,204,1,5,5,5,5
5,3,9,NA,2,205,0,5,4,5,4
3,1,9,5,2,206,1,5,5,5,5
3,6,7,NA,2,207,0,3,4,5,5
7,4,5,NA,2,208,0,5,4,5,4
2,3,9,4,1,209,1,4,4,4,4
2,2,8,5,2,210,1,5,5,5,5
5,2,8,NA,2,211,0,5,4,5,6
5,4,7,NA,2,212,0,6,4,5,4
3,2,8,NA,1,213,0,5,4,5,5
3,2,7,NA,1,214,0,3,4,5,6
3,1,3,NA,1,215,0,4,4,5,4
5,2,3,4,2,216,1,4,4,4,4
1,0,2,5,2,217,1,5,5,5,5
5,2,8,NA,1,218,0,5,4,5,6
7,4,9,3,2,219,1,3,3,3,3
7,8,7,NA,2,220,0,5,4,3,4
5,2,6,6,1,221,1,6,6,6,6
5,4,8,NA,1,222,0,5,4,6,4
5,5,3,NA,1,223,0,3,4,6,4
6,3,1,NA,1,224,0,5,4,6,4
1,1,3,NA,1,225,0,3,4,6,4
2,2,2,4,1,226,1,4,4,4,4
1,5,3,3,1,227,1,3,3,3,3
2,5,2,NA,2,228,0,4,4,3,4
1,0,5,3,1,229,1,3,3,3,3
4,1,3,NA,1,230,0,3,4,3,4
3,1,1,4,1,231,1,4,4,4,4
1,0,3,3,1,232,1,3,3,3,3
0,1,3,3,2,233,1,3,3,3,3
2,4,2,NA,1,234,0,4,4,3,4
6,3,0,NA,2,235,0,3,4,3,4
4,3,6,NA,2,236,0,4,4,3,5
2,0,8,5,2,237,1,5,5,5,5
4,3,7,NA,2,238,0,5,4,5,5
6,6,7,NA,2,239,0,4,4,5,4
3,2,8,5,1,240,1,5,5,5,5
7,2,6,NA,2,241,0,5,4,5,4
5,2,8,NA,2,242,0,6,4,5,6
5,5,7,4,2,243,1,4,4,4,4
3,2,8,6,2,244,1,6,6,6,6
4,4,8,NA,2,245,0,6,4,6,4
4,4,7,NA,1,246,0,4,4,6,5
6,4,6,NA,2,247,0,5,4,6,4
7,3,8,NA,2,248,0,4,4,6,4
3,4,5,NA,2,249,0,5,4,6,5
4,3,6,NA,2,250,0,4,4,6,5
3,4,7,5,2,251,1,5,5,5,5
4,7,7,4,2,252,1,4,4,4,4
2,1,8,5,1,253,1,5,5,5,5
5,2,7,NA,1,254,0,5,4,5,5
4,0,3,4,2,255,1,4,4,4,4
3,2,3,3,1,256,1,3,3,3,3
4,0,3,3,1,257,1,3,3,3,3
2,1,4,4,1,258,1,4,4,4,4
1,3,4,3,1,259,1,3,3,3,3
4,4,1,3,2,260,1,3,3,3,3
0,3,4,4,1,261,1,4,4,4,4
1,1,3,3,1,262,1,3,3,3,3
2,2,3,3,2,263,1,3,3,3,3
1,1,4,4,1,264,1,4,4,4,4
4,0,3,5,1,265,1,5,5,5,5
2,1,3,3,1,266,1,3,3,3,3
0,1,4,3,1,267,1,3,3,3,3
0,1,5,3,1,268,1,3,3,3,3
3,3,3,NA,1,269,0,3,4,3,4
3,2,3,3,1,270,1,3,3,3,3
1,1,2,3,2,271,1,3,3,3,3
0,1,3,3,1,272,1,3,3,3,3
4,3,2,4,1,273,1,4,4,4,4
2,3,3,4,1,274,1,4,4,4,4
1,0,3,3,1,275,1,3,3,3,3
1,0,2,4,1,276,1,4,4,4,4
0,0,6,3,1,277,1,3,3,3,3
0,2,3,3,1,278,1,3,3,3,3
1,1,4,4,1,279,1,4,4,4,4
2,1,1,4,2,280,1,4,4,4,4
1,0,4,3,1,281,1,3,3,3,3
1,0,2,5,1,282,1,5,5,5,5
0,1,4,4,1,283,1,4,4,4,4
1,0,3,3,1,284,1,3,3,3,3
2,1,3,3,1,285,1,3,3,3,3
2,0,4,3,2,286,1,3,3,3,3
0,1,2,4,1,287,1,4,4,4,4
3,1,2,3,1,288,1,3,3,3,3
5,2,2,3,1,289,1,3,3,3,3
2,3,2,3,1,290,1,3,3,3,3
0,0,4,3,1,291,1,3,3,3,3
1,1,3,3,1,292,1,3,3,3,3
0,2,4,NA,1,293,0,3,4,3,3
1,1,3,4,1,294,1,4,4,4,4
0,0,3,4,1,295,1,4,4,4,4
1,0,3,4,2,296,1,4,4,4,4
2,1,2,3,1,297,1,3,3,3,3
0,0,5,3,1,298,1,3,3,3,3
5,0,3,3,1,299,1,3,3,3,3
1,0,4,NA,1,300,0,3,4,3,3
1,0,4,4,1,301,1,4,4,4,4
3,0,3,3,1,302,1,3,3,3,3
0,5,3,4,2,303,1,4,4,4,4
0,0,4,4,1,304,1,4,4,4,4
1,2,2,4,1,305,1,4,4,4,4
3,0,5,NA,1,306,0,4,4,4,4
2,3,3,3,1,307,1,3,3,3,3
0,0,5,4,1,308,1,4,4,4,4
1,0,5,3,2,309,1,3,3,3,3
2,0,3,4,1,310,1,4,4,4,4
1,3,4,3,2,311,1,3,3,3,3
12,5,6,NA,2,312,0,5,4,3,4
3,1,7,NA,2,313,0,5,4,3,5
6,3,8,4,2,314,1,4,4,4,4
2,3,7,6,2,315,1,6,6,6,6
4,3,7,5,1,316,1,5,5,5,5
3,9,6,NA,2,317,0,3,4,5,5
3,2,7,5,2,318,1,5,5,5,5
6,4,8,3,2,319,1,3,3,3,3
6,1,7,NA,2,320,0,4,4,3,5
4,3,7,NA,2,321,0,5,4,3,5
6,2,6,NA,1,322,0,4,4,3,4
2,1,7,5,2,323,1,5,5,5,5
3,5,8,3,1,324,1,3,3,3,3
3,1,4,NA,1,325,0,4,4,3,4
2,0,4,NA,1,326,0,6,4,3,4
4,2,1,NA,2,327,0,4,4,3,3
1,0,3,4,2,328,1,4,4,4,4
4,2,7,6,1,329,1,6,6,6,6
12,8,7,NA,1,330,0,4,4,6,4
3,1,3,NA,2,331,0,4,4,6,4
6,2,2,NA,1,332,0,4,4,6,3
3,0,4,4,1,333,1,4,4,4,4
3,1,3,NA,2,334,0,3,4,4,4
2,7,1,NA,1,335,0,4,4,4,5
3,3,3,4,1,336,1,4,4,4,4
4,3,4,3,1,337,1,3,3,3,3
1,3,3,3,1,338,1,3,3,3,3
1,2,4,4,1,339,1,4,4,4,4
2,0,4,NA,1,340,0,6,4,4,4
0,3,3,NA,1,341,0,4,4,4,4
1,6,3,NA,1,342,0,3,4,4,4
2,1,2,4,2,343,1,4,4,4,4
1,1,4,3,2,344,1,3,3,3,3
6,6,6,NA,2,345,0,5,4,3,4
10,1,7,NA,2,346,0,6,4,3,4
11,3,7,NA,2,347,0,5,4,3,4
5,5,5,NA,2,348,0,5,4,3,4
6,2,6,NA,2,349,0,4,4,3,4
3,3,8,NA,2,350,0,5,4,3,5
6,8,7,NA,2,351,0,3,4,3,4
3,8,8,NA,2,352,0,6,4,3,5
4,1,9,NA,1,353,0,5,4,3,5
2,3,8,5,2,354,1,5,5,5,5
3,2,8,NA,2,355,0,5,4,5,5
6,4,7,NA,1,356,0,4,4,5,4
5,3,7,4,2,357,1,4,4,4,4
1,3,9,3,1,358,1,3,3,3,3
3,0,4,NA,1,359,0,4,4,3,4
2,1,2,4,2,360,1,4,4,4,4
5,3,3,NA,1,361,0,3,4,4,4
2,2,1,4,2,362,1,4,4,4,4
7,1,7,4,2,363,1,4,4,4,4
4,7,4,NA,2,364,0,4,4,4,4
6,2,8,5,2,365,1,5,5,5,5
5,9,6,NA,1,366,0,6,4,5,4
2,3,7,6,2,367,1,6,6,6,6
4,6,7,NA,2,368,0,4,4,6,5
6,1,8,NA,1,369,0,6,4,6,5
3,5,8,NA,2,370,0,6,4,6,4
4,3,8,5,1,371,1,5,5,5,5
5,0,2,4,2,372,1,4,4,4,4
3,3,6,NA,2,373,0,6,4,4,5
6,6,7,NA,2,374,0,4,4,4,4
6,2,7,NA,2,375,0,5,4,4,4
5,4,6,NA,1,376,0,5,4,4,4
4,6,7,NA,2,377,0,6,4,4,5
6,1,6,NA,2,378,0,4,4,4,5
8,5,7,NA,2,379,0,4,4,4,4
3,4,7,NA,2,380,0,5,4,4,5
3,4,7,NA,1,381,0,5,4,4,5
4,4,7,NA,2,382,0,6,4,4,5
3,3,9,NA,2,383,0,4,4,4,5
6,6,8,3,2,384,1,3,3,3,3
2,2,8,5,2,385,1,5,5,5,5
6,2,6,NA,2,386,0,4,4,5,4
4,2,7,NA,1,387,0,5,4,5,5
4,2,8,NA,2,388,0,5,4,5,5
6,6,7,NA,2,389,0,4,4,5,4
11,3,5,5,2,390,1,5,5,5,5
3,3,7,6,1,391,1,6,6,6,6
4,3,5,6,2,392,1,6,6,6,6
7,4,6,4,1,393,1,4,4,4,4
2,1,4,3,1,394,1,3,3,3,3
0,3,4,3,1,395,1,3,3,3,3
3,0,4,3,2,396,1,3,3,3,3
1,0,3,4,1,397,1,4,4,4,4
1,3,3,3,1,398,1,3,3,3,3
6,3,2,NA,1,399,0,3,4,3,4
1,0,5,3,1,400,1,3,3,3,3
1,5,3,NA,1,401,0,4,4,3,4
2,1,2,3,1,402,1,3,3,3,3
1,0,4,NA,1,403,0,4,4,3,3
0,3,4,NA,1,404,0,4,4,3,4
0,1,5,NA,1,405,0,3,4,3,4
1,1,2,4,2,406,1,4,4,4,4
2,1,3,4,2,407,1,4,4,4,4
3,5,7,5,1,408,1,5,5,5,5
9,3,7,NA,2,409,0,5,4,5,4
8,3,7,4,2,410,1,4,4,4,4
9,2,7,3,1,411,1,3,3,3,3
5,4,8,NA,2,412,0,5,4,3,4
4,2,6,NA,1,413,0,6,4,3,6
3,5,3,5,2,414,1,5,5,5,5
0,5,8,NA,2,415,0,4,4,5,5
7,6,8,NA,1,416,0,4,4,5,4
11,5,6,NA,1,417,0,4,4,5,4
1,1,2,3,2,418,1,3,3,3,3
3,2,4,NA,1,419,0,5,4,3,4
2,0,4,5,1,420,1,5,5,5,5
3,4,3,NA,1,421,0,5,4,5,4
3,6,2,NA,2,422,0,3,4,5,6
1,0,5,3,1,423,1,3,3,3,3
0,2,4,3,1,424,1,3,3,3,3
4,3,2,4,1,425,1,4,4,4,4
3,3,3,3,1,426,1,3,3,3,3
3,2,1,3,1,427,1,3,3,3,3
2,1,4,NA,1,428,0,3,4,3,4
1,0,5,4,1,429,1,4,4,4,4
1,3,1,NA,1,430,0,3,4,4,4
2,3,2,NA,2,431,0,3,4,4,4
2,2,2,3,2,432,1,3,3,3,3
2,4,6,6,1,433,1,6,6,6,6
10,5,5,NA,1,434,0,5,4,6,4
3,0,4,3,1,435,1,3,3,3,3
5,1,1,NA,1,436,0,4,4,3,4
4,1,3,NA,1,437,0,3,4,3,4
0,0,4,3,1,438,1,3,3,3,3
1,4,3,4,2,439,1,4,4,4,4
1,2,4,NA,1,440,0,3,4,4,4
0,4,3,3,1,441,1,3,3,3,3
4,4,2,NA,1,442,0,3,4,3,4
3,0,4,4,2,443,1,4,4,4,4
0,1,3,4,1,444,1,4,4,4,4
1,1,5,3,1,445,1,3,3,3,3
4,0,3,4,1,446,1,4,4,4,4
0,2,4,3,1,447,1,3,3,3,3
1,2,3,NA,1,448,0,4,4,3,4
4,1,3,6,2,449,1,6,6,6,6
3,2,4,3,1,450,1,3,3,3,3
1,4,4,NA,2,451,0,3,4,3,4
6,2,5,NA,2,452,0,5,4,3,5
3,2,8,5,2,453,1,5,5,5,5
9,4,6,NA,1,454,0,4,4,5,4
2,4,6,6,2,455,1,6,6,6,6
3,3,5,NA,2,456,0,4,4,6,4
11,3,6,NA,2,457,0,4,4,6,4
5,2,7,NA,2,458,0,4,4,6,5
4,6,8,NA,1,459,0,4,4,6,4
4,2,5,6,2,460,1,6,6,6,6
2,1,6,6,1,461,1,6,6,6,6
4,5,5,NA,2,462,0,3,4,6,4
5,4,7,NA,2,463,0,5,4,6,4
7,1,9,NA,1,464,0,5,4,6,5
4,1,8,5,2,465,1,5,5,5,5
1,1,8,NA,2,466,0,3,4,5,4
3,5,7,5,2,467,1,5,5,5,5
5,3,7,NA,2,468,0,5,4,5,4
0,9,6,NA,1,469,0,6,4,5,5
4,3,8,NA,1,470,0,4,4,5,5
1,0,5,4,1,471,1,4,4,4,4
3,0,4,NA,1,472,0,4,4,4,4
1,1,0,4,1,473,1,4,4,4,4
1,0,1,4,1,474,1,4,4,4,4
3,2,4,3,2,475,1,3,3,3,3
3,1,4,3,2,476,1,3,3,3,3
4,6,8,4,2,477,1,4,4,4,4
10,5,6,NA,2,478,0,4,4,4,4
6,1,7,5,2,479,1,5,5,5,5
4,3,7,NA,1,480,0,4,4,5,5
2,4,8,NA,2,481,0,6,4,5,4
3,4,7,NA,2,482,0,5,4,5,5
7,8,7,NA,2,483,0,4,4,5,4
5,5,6,4,2,484,1,4,4,4,4
5,3,6,5,2,485,1,5,5,5,5
6,2,7,NA,1,486,0,5,4,5,4
4,1,9,4,2,487,1,4,4,4,4
1,4,9,3,2,488,1,3,3,3,3
7,4,7,5,2,489,1,5,5,5,5
10,4,6,NA,2,490,0,5,4,5,4
6,5,5,NA,2,491,0,6,4,5,4
5,4,8,4,1,492,1,4,4,4,4
4,2,6,6,2,493,1,6,6,6,6
0,3,9,4,1,494,1,4,4,4,4
0,0,1,3,2,495,1,3,3,3,3
8,6,5,NA,2,496,0,5,4,3,4
0,2,4,4,1,497,1,4,4,4,4
2,4,6,6,2,498,1,6,6,6,6
9,1,7,4,2,499,1,4,4,4,4
5,0,6,6,2,500,1,6,6,6,6
3,5,7,NA,2,501,0,6,4,6,5
5,2,7,NA,1,502,0,5,4,6,5
5,0,5,5,2,503,1,5,5,5,5
4,7,7,NA,2,504,0,6,4,5,5
6,3,5,NA,2,505,0,3,4,5,5
7,2,7,4,2,506,1,4,4,4,4
1,2,8,5,1,507,1,5,5,5,5
4,3,3,NA,2,508,0,4,4,5,4
7,4,3,NA,1,509,0,3,4,5,4
2,2,1,4,1,510,1,4,4,4,4
1,2,2,NA,2,511,0,3,4,4,4
3,0,3,4,2,512,1,4,4,4,4
12,5,10,NA,2,513,0,5,4,4,4
5,5,7,NA,1,514,0,3,4,4,4
9,5,9,NA,2,515,0,5,4,4,4
6,5,6,NA,2,516,0,6,4,4,4
5,4,10,5,2,517,1,5,5,5,5
8,7,5,NA,1,518,0,3,4,5,4
5,3,8,NA,2,519,0,5,4,5,5
1,5,5,NA,2,520,0,4,4,5,4
6,5,8,5,2,521,1,5,5,5,5
5,3,6,4,2,522,1,4,4,4,4
3,6,4,NA,2,523,0,5,4,4,5
6,3,6,NA,1,524,0,6,4,4,4
6,0,9,6,2,525,1,6,6,6,6
4,4,7,4,2,526,1,4,4,4,4
6,5,5,4,2,527,1,4,4,4,4
8,2,9,5,2,528,1,5,5,5,5
6,5,6,4,1,529,1,4,4,4,4
3,3,9,NA,1,530,0,5,4,4,5
0,0,1,4,1,531,1,4,4,4,4
1,1,4,3,2,532,1,3,3,3,3
6,3,7,NA,2,533,0,6,4,3,4
6,4,7,NA,1,534,0,4,4,3,4
6,2,6,NA,2,535,0,4,4,3,4
9,2,7,NA,2,536,0,4,4,3,3
10,2,6,NA,2,537,0,6,4,3,4
5,7,9,NA,2,538,0,4,4,3,4
1,4,7,6,2,539,1,6,6,6,6
3,4,8,5,2,540,1,5,5,5,5
3,6,6,NA,2,541,0,4,4,5,5
2,10,6,4,2,542,1,4,4,4,4
2,4,8,NA,2,543,0,5,4,4,4
4,0,2,5,2,544,1,5,5,5,5
4,2,7,6,1,545,1,6,6,6,6
3,3,8,6,2,546,1,6,6,6,6
4,1,5,NA,2,547,0,5,4,6,4
4,1,5,6,2,548,1,6,6,6,6
9,3,7,NA,2,549,0,5,4,6,4
6,2,10,4,1,550,1,4,4,4,4
5,3,8,5,2,551,1,5,5,5,5
3,3,2,5,2,552,1,5,5,5,5
2,2,8,6,1,553,1,6,6,6,6
12,8,6,NA,1,554,0,4,4,6,4
2,2,3,NA,1,555,0,4,4,6,4
2,1,1,4,1,556,1,4,4,4,4
1,0,1,3,2,557,1,3,3,3,3
5,0,5,3,2,558,1,3,3,3,3
7,12,8,NA,2,559,0,4,4,3,4
0,2,5,4,2,560,1,4,4,4,4
8,4,10,NA,2,561,0,4,4,4,4
7,5,7,NA,1,562,0,4,4,4,4
5,6,8,NA,1,563,0,6,4,4,4
0,2,2,4,1,564,1,4,4,4,4
0,0,4,5,1,565,1,5,5,5,5
5,4,2,4,1,566,1,4,4,4,4
5,3,5,NA,2,567,0,5,4,4,5
1,1,4,4,2,568,1,4,4,4,4
3,2,6,6,2,569,1,6,6,6,6
4,1,9,NA,2,570,0,4,4,6,5
6,6,10,NA,2,571,0,4,4,6,4
7,5,7,NA,2,572,0,4,4,6,4
7,5,4,NA,1,573,0,6,4,6,4
3,1,4,6,2,574,1,6,6,6,6
5,2,3,NA,2,575,0,4,4,6,5
4,5,8,NA,2,576,0,5,4,6,4
8,5,9,NA,2,577,0,4,4,6,4
2,4,9,5,1,578,1,5,5,5,5
3,2,7,NA,2,579,0,4,4,5,6
3,2,7,NA,1,580,0,5,4,5,6
2,1,5,5,2,581,1,5,5,5,5
8,8,9,NA,1,582,0,4,4,5,4
3,1,5,5,2,583,1,5,5,5,5
6,2,5,NA,2,584,0,5,4,5,5
3,2,5,4,1,585,1,4,4,4,4
6,1,5,5,1,586,1,5,5,5,5
3,2,5,3,1,587,1,3,3,3,3
0,1,0,4,1,588,1,4,4,4,4
5,2,5,NA,1,589,0,4,4,4,5
2,1,1,4,1,590,1,4,4,4,4
0,2,2,4,1,591,1,4,4,4,4
3,3,6,3,2,592,1,3,3,3,3
2,1,2,5,2,593,1,5,5,5,5
2,8,6,NA,2,594,0,6,4,5,5
4,3,9,NA,2,595,0,3,4,5,5
11,1,9,NA,2,596,0,4,4,5,5
7,5,9,NA,2,597,0,4,4,5,4
4,2,4,5,1,598,1,5,5,5,5
3,1,5,6,2,599,1,6,6,6,6
7,4,7,NA,2,600,0,6,4,6,5
5,6,7,4,2,601,1,4,4,4,4
7,5,8,4,2,602,1,4,4,4,4
6,4,8,NA,2,603,0,5,4,4,4
4,2,5,NA,1,604,0,6,4,4,5
5,4,4,3,1,605,1,3,3,3,3
1,1,8,NA,1,606,0,5,4,3,4
2,3,2,4,2,607,1,4,4,4,4
4,2,4,4,2,608,1,4,4,4,4
10,4,5,5,1,609,1,5,5,5,5
3,4,7,NA,2,610,0,6,4,5,5
5,1,5,NA,2,611,0,4,4,5,5
10,3,6,NA,1,612,0,5,4,5,4
10,4,3,NA,2,613,0,4,4,5,4
4,6,8,NA,1,614,0,4,4,5,4
1,1,1,4,1,615,1,4,4,4,4
6,3,6,NA,1,616,0,6,4,4,4
0,0,3,3,1,617,1,3,3,3,3
0,5,1,4,2,618,1,4,4,4,4
4,5,2,NA,1,619,0,4,4,4,4
2,1,3,6,1,620,1,6,6,6,6
2,1,3,NA,1,621,0,5,4,6,4
2,5,0,NA,1,622,0,3,4,6,4
3,0,2,4,1,623,1,4,4,4,4
2,4,6,6,2,624,1,6,6,6,6
0,0,2,3,1,625,1,3,3,3,3
0,1,2,3,1,626,1,3,3,3,3
2,1,2,3,1,627,1,3,3,3,3
1,3,6,4,1,628,1,4,4,4,4
3,1,1,3,1,629,1,3,3,3,3
1,1,3,NA,1,630,0,3,4,3,4
2,1,0,NA,1,631,0,4,4,3,3
0,1,3,3,1,632,1,3,3,3,3
2,0,0,4,2,633,1,4,4,4,4
2,3,3,NA,2,634,0,3,4,4,4
3,2,7,6,2,635,1,6,6,6,6
6,4,7,NA,2,636,0,6,4,6,4
6,2,7,NA,2,637,0,5,4,6,4
9,3,5,NA,2,638,0,6,4,6,5
6,3,7,4,2,639,1,4,4,4,4
4,2,1,NA,2,640,0,4,4,4,3
5,5,8,4,2,641,1,4,4,4,4
6,3,7,NA,1,642,0,6,4,4,4
7,9,7,NA,2,643,0,4,4,4,4
4,6,9,NA,1,644,0,4,4,4,4
0,1,3,4,1,645,1,4,4,4,4
1,1,6,3,2,646,1,3,3,3,3
3,3,1,3,1,647,1,3,3,3,3
4,2,3,NA,2,648,0,3,4,3,3
7,2,3,4,2,649,1,4,4,4,4
5,2,8,NA,2,650,0,5,4,4,6
9,1,5,5,1,651,1,5,5,5,5
3,5,9,4,2,652,1,4,4,4,4
7,4,7,NA,1,653,0,4,4,4,5
2,4,8,4,2,654,1,4,4,4,4
1,2,3,5,1,655,1,5,5,5,5
5,4,7,NA,1,656,0,5,4,5,4
3,0,2,3,1,657,1,3,3,3,3
7,4,3,NA,2,658,0,5,4,3,4
2,1,4,5,1,659,1,5,5,5,5
3,0,0,NA,1,660,0,4,4,5,3
2,4,3,4,1,661,1,4,4,4,4
1,1,3,4,1,662,1,4,4,4,4
2,3,1,3,2,663,1,3,3,3,3
0,1,4,3,1,664,1,3,3,3,3
1,3,1,4,2,665,1,4,4,4,4
6,3,8,NA,2,666,0,4,4,4,4
8,3,9,6,2,667,1,6,6,6,6
8,4,5,NA,2,668,0,5,4,6,4
5,2,7,6,2,669,1,6,6,6,6
6,1,5,NA,1,670,0,4,4,6,5
2,3,9,NA,2,671,0,5,4,6,5
3,3,8,4,1,672,1,4,4,4,4
2,4,2,NA,2,673,0,3,4,4,4
4,2,8,5,1,674,1,5,5,5,5
4,3,3,4,1,675,1,4,4,4,4
2,0,1,4,2,676,1,4,4,4,4
1,1,1,3,1,677,1,3,3,3,3
4,1,5,3,1,678,1,3,3,3,3
4,2,4,4,1,679,1,4,4,4,4
3,4,5,NA,1,680,0,5,4,4,5
3,0,4,4,1,681,1,4,4,4,4
3,1,3,NA,1,682,0,4,4,4,4
1,1,0,3,1,683,1,3,3,3,3
2,3,8,4,2,684,1,4,4,4,4
1,1,3,4,2,685,1,4,4,4,4
2,5,7,NA,2,686,0,5,4,4,4
5,4,6,NA,2,687,0,5,4,4,4
4,4,5,NA,2,688,0,5,4,4,4
7,3,5,NA,2,689,0,5,4,4,5
5,2,5,NA,2,690,0,3,4,4,5
2,1,8,6,2,691,1,6,6,6,6
6,3,8,NA,2,692,0,5,4,6,4
4,2,4,NA,1,693,0,4,4,6,5
5,5,6,NA,2,694,0,5,4,6,4
5,5,4,NA,2,695,0,5,4,6,4
4,2,7,5,1,696,1,5,5,5,5
1,3,10,NA,2,697,0,4,4,5,4
8,3,7,NA,2,698,0,4,4,5,4
3,5,8,5,2,699,1,5,5,5,5
4,2,10,5,1,700,1,5,5,5,5
6,3,6,3,2,701,1,3,3,3,3
5,0,5,NA,1,702,0,5,4,3,4
3,4,4,4,1,703,1,4,4,4,4
1,0,3,3,2,704,1,3,3,3,3
3,0,4,4,2,705,1,4,4,4,4
3,4,6,NA,1,706,0,4,4,4,4
11,6,7,NA,2,707,0,5,4,4,4
6,4,6,NA,2,708,0,5,4,4,4
10,3,7,4,2,709,1,4,4,4,4
8,4,8,NA,2,710,0,4,4,4,4
5,4,5,4,2,711,1,4,4,4,4
5,1,7,4,1,712,1,4,4,4,4
5,7,5,NA,1,713,0,5,4,4,4
0,1,4,4,1,714,1,4,4,4,4
2,4,4,4,1,715,1,4,4,4,4
3,4,2,NA,1,716,0,3,4,4,5
4,3,6,3,2,717,1,3,3,3,3
5,4,7,NA,2,718,0,5,4,3,4
6,5,5,NA,2,719,0,5,4,3,4
4,1,3,NA,2,720,0,3,4,3,4
2,3,9,6,2,721,1,6,6,6,6
5,3,4,5,2,722,1,5,5,5,5
4,6,4,4,1,723,1,4,4,4,4
4,5,6,5,2,724,1,5,5,5,5
1,4,3,5,1,725,1,5,5,5,5
1,2,4,NA,2,726,0,4,4,5,4
5,2,5,6,2,727,1,6,6,6,6
7,4,3,NA,2,728,0,4,4,6,4
1,4,7,6,1,729,1,6,6,6,6
4,3,6,6,2,730,1,6,6,6,6
8,0,8,NA,2,731,0,6,4,6,5
6,2,5,5,2,732,1,5,5,5,5
3,3,7,NA,2,733,0,5,4,5,5
6,4,6,NA,1,734,0,5,4,5,4
5,0,9,5,2,735,1,5,5,5,5
6,4,8,NA,2,736,0,4,4,5,4
4,5,4,NA,2,737,0,5,4,5,5
2,5,7,4,2,738,1,4,4,4,4
5,2,3,6,2,739,1,6,6,6,6
5,6,9,NA,2,740,0,4,4,6,3
5,2,9,5,1,741,1,5,5,5,5
2,3,6,5,2,742,1,5,5,5,5
7,4,7,NA,2,743,0,4,4,5,5
5,1,9,6,2,744,1,6,6,6,6
3,4,5,NA,2,745,0,5,4,6,5
6,3,9,NA,2,746,0,5,4,6,4
3,5,6,NA,2,747,0,5,4,6,5
2,1,7,NA,2,748,0,5,4,6,4
3,4,7,NA,2,749,0,5,4,6,5
5,3,10,5,2,750,1,5,5,5,5
4,2,3,4,1,751,1,4,4,4,4
3,5,6,5,2,752,1,5,5,5,5
4,1,8,6,2,753,1,6,6,6,6
4,1,9,6,2,754,1,6,6,6,6
6,3,7,NA,1,755,0,6,4,6,4
6,3,6,NA,2,756,0,4,4,6,4
3,4,9,NA,2,757,0,3,4,6,5
7,3,9,NA,2,758,0,4,4,6,4
4,1,3,NA,2,759,0,3,4,6,4
7,2,6,NA,2,760,0,5,4,6,4
4,3,4,NA,2,761,0,4,4,6,4
3,6,3,NA,1,762,0,5,4,6,5
5,2,9,NA,2,763,0,4,4,6,5
2,4,4,6,1,764,1,6,6,6,6
3,2,1,3,1,765,1,3,3,3,3
1,4,5,3,2,766,1,3,3,3,3
5,1,3,4,1,767,1,4,4,4,4
1,0,0,3,1,768,1,3,3,3,3
3,1,2,NA,1,769,0,3,4,3,3
0,0,1,4,1,770,1,4,4,4,4
4,1,5,4,2,771,1,4,4,4,4
2,1,6,NA,2,772,0,4,4,4,5
3,8,4,NA,2,773,0,4,4,4,5
4,4,9,4,2,774,1,4,4,4,4
4,4,8,4,1,775,1,4,4,4,4
5,1,7,5,2,776,1,5,5,5,5
8,6,2,NA,1,777,0,5,4,5,4
4,1,4,NA,2,778,0,3,4,5,5
4,1,10,5,2,779,1,5,5,5,5
7,1,8,3,2,780,1,3,3,3,3
1,4,4,NA,1,781,0,4,4,3,4
10,4,3,NA,2,782,0,5,4,3,4
6,6,9,NA,1,783,0,5,4,3,3
1,1,2,3,2,784,1,3,3,3,3
1,4,10,NA,2,785,0,6,4,3,4
6,5,7,NA,1,786,0,5,4,3,4
2,0,6,5,2,787,1,5,5,5,5
15,10,9,NA,1,788,0,4,4,5,4
4,1,3,4,1,789,1,4,4,4,4
3,2,1,3,1,790,1,3,3,3,3
3,0,7,3,1,791,1,3,3,3,3
3,3,1,3,1,792,1,3,3,3,3
4,1,3,NA,1,793,0,6,4,3,4
0,6,1,3,1,794,1,3,3,3,3
2,2,6,3,1,795,1,3,3,3,3
1,1,4,4,2,796,1,4,4,4,4
2,3,2,3,1,797,1,3,3,3,3
0,2,4,4,1,798,1,4,4,4,4
1,4,5,NA,1,799,0,4,4,4,4
1,1,9,4,1,800,1,4,4,4,4
7,3,6,4,2,801,1,4,4,4,4
0,0,6,3,1,802,1,3,3,3,3
3,2,4,NA,1,803,0,3,4,3,4
3,0,4,4,2,804,1,4,4,4,4
0,0,2,3,1,805,1,3,3,3,3
2,0,5,4,2,806,1,4,4,4,4
7,7,8,NA,2,807,0,4,4,4,4
4,3,3,NA,2,808,0,5,4,4,4
7,4,8,NA,2,809,0,6,4,4,4
1,3,7,3,2,810,1,3,3,3,3
8,2,8,NA,1,811,0,5,4,3,4
8,4,7,NA,2,812,0,4,4,3,4
4,4,2,NA,2,813,0,6,4,3,4
5,2,6,NA,2,814,0,5,4,3,5
3,5,4,NA,2,815,0,4,4,3,5
12,1,8,NA,2,816,0,4,4,3,4
4,8,5,4,1,817,1,4,4,4,4
1,3,4,NA,2,818,0,3,4,4,4
3,2,6,6,2,819,1,6,6,6,6
5,5,7,NA,1,820,0,4,4,6,4
5,3,8,NA,1,821,0,5,4,6,5
5,3,3,4,1,822,1,4,4,4,4
1,1,6,4,2,823,1,4,4,4,4
1,0,2,5,1,824,1,5,5,5,5
4,0,3,NA,1,825,0,4,4,5,4
4,1,3,3,2,826,1,3,3,3,3
1,0,6,3,2,827,1,3,3,3,3
6,6,7,NA,1,828,0,4,4,3,4
5,3,7,NA,2,829,0,5,4,3,4
3,2,4,NA,1,830,0,3,4,3,4
4,4,3,5,1,831,1,5,5,5,5
3,4,3,5,1,832,1,5,5,5,5
4,1,4,NA,2,833,0,3,4,5,5
0,1,3,4,1,834,1,4,4,4,4
0,0,3,3,2,835,1,3,3,3,3
4,4,7,5,1,836,1,5,5,5,5
1,2,1,3,2,837,1,3,3,3,3
5,5,7,5,2,838,1,5,5,5,5
4,4,5,3,2,839,1,3,3,3,3
8,0,7,5,2,840,1,5,5,5,5
8,2,6,4,1,841,1,4,4,4,4
8,3,6,NA,1,842,0,5,4,4,4
1,0,2,3,1,843,1,3,3,3,3
4,2,6,5,1,844,1,5,5,5,5
0,3,3,4,1,845,1,4,4,4,4
4,3,6,4,1,846,1,4,4,4,4
5,2,1,3,1,847,1,3,3,3,3
1,2,3,4,1,848,1,4,4,4,4
4,2,3,NA,1,849,0,4,4,4,3
2,1,3,4,2,850,1,4,4,4,4
1,1,5,NA,1,851,0,3,4,4,4
2,0,1,4,1,852,1,4,4,4,4
2,2,3,3,1,853,1,3,3,3,3
3,5,5,6,2,854,1,6,6,6,6
1,3,3,5,1,855,1,5,5,5,5
2,4,5,3,1,856,1,3,3,3,3
4,0,2,4,2,857,1,4,4,4,4
2,1,5,5,1,858,1,5,5,5,5
6,2,4,NA,1,859,0,4,4,5,4
3,2,5,3,1,860,1,3,3,3,3
0,2,1,3,2,861,1,3,3,3,3
5,0,2,3,1,862,1,3,3,3,3
0,1,1,4,1,863,1,4,4,4,4
0,3,1,3,1,864,1,3,3,3,3
1,1,4,3,1,865,1,3,3,3,3
3,3,6,3,1,866,1,3,3,3,3
0,2,0,4,1,867,1,4,4,4,4
1,0,3,4,1,868,1,4,4,4,4
0,5,6,NA,1,869,0,6,4,4,5
1,0,3,3,1,870,1,3,3,3,3
3,0,7,4,1,871,1,4,4,4,4
0,0,3,NA,1,872,0,3,4,4,3
0,1,7,5,1,873,1,5,5,5,5
2,1,4,4,1,874,1,4,4,4,4
2,1,1,4,2,875,1,4,4,4,4
2,0,4,3,2,876,1,3,3,3,3
6,3,6,NA,2,877,0,6,4,3,4
2,4,5,5,2,878,1,5,5,5,5
4,0,6,5,2,879,1,5,5,5,5
8,1,8,3,2,880,1,3,3,3,3
7,2,7,NA,2,881,0,5,4,3,4
3,4,9,4,1,882,1,4,4,4,4
6,5,10,4,1,883,1,4,4,4,4
0,3,3,NA,1,884,0,3,4,4,4
1,0,4,4,2,885,1,4,4,4,4
1,1,6,4,2,886,1,4,4,4,4
5,7,6,NA,1,887,0,3,4,4,4
9,4,2,NA,2,888,0,3,4,4,4
5,2,7,NA,2,889,0,4,4,4,5
7,3,4,NA,1,890,0,3,4,4,4
11,0,8,NA,2,891,0,5,4,4,5
8,2,8,NA,2,892,0,5,4,4,4
5,3,9,NA,2,893,0,5,4,4,4
7,5,8,NA,2,894,0,5,4,4,4
6,8,4,NA,2,895,0,5,4,4,4
6,3,9,NA,2,896,0,6,4,4,4
4,6,9,NA,2,897,0,4,4,4,4
4,8,6,NA,2,898,0,5,4,4,5
0,7,9,NA,2,899,0,3,4,4,5
1,3,8,5,1,900,1,5,5,5,5
3,7,9,6,2,901,1,6,6,6,6
1,6,9,5,2,902,1,5,5,5,5
5,5,9,NA,2,903,0,5,4,5,3
2,3,7,6,1,904,1,6,6,6,6
5,2,7,6,1,905,1,6,6,6,6
0,0,4,3,1,906,1,3,3,3,3
0,0,5,3,1,907,1,3,3,3,3
1,0,1,3,1,908,1,3,3,3,3
3,0,1,3,1,909,1,3,3,3,3
3,0,2,3,1,910,1,3,3,3,3
2,0,8,4,1,911,1,4,4,4,4
1,1,1,4,1,912,1,4,4,4,4
1,0,6,4,1,913,1,4,4,4,4
1,0,0,3,1,914,1,3,3,3,3
0,0,4,3,2,915,1,3,3,3,3
0,2,1,3,1,916,1,3,3,3,3
1,3,5,3,1,917,1,3,3,3,3
0,1,5,5,1,918,1,5,5,5,5
2,0,0,4,1,919,1,4,4,4,4
3,1,2,NA,1,920,0,3,4,4,3
1,0,2,3,1,921,1,3,3,3,3
0,0,3,NA,1,922,0,3,4,3,3
0,0,5,NA,1,923,0,3,4,3,3
0,0,3,3,1,924,1,3,3,3,3
3,0,5,NA,2,925,0,5,4,3,4
1,0,3,5,2,926,1,5,5,5,5
6,3,6,5,2,927,1,5,5,5,5
7,6,9,NA,1,928,0,4,4,5,3
9,5,9,NA,1,929,0,4,4,5,4
0,0,2,3,1,930,1,3,3,3,3
5,0,1,4,1,931,1,4,4,4,4
6,1,2,NA,1,932,0,4,4,4,3
0,0,4,3,1,933,1,3,3,3,3
4,3,5,3,1,934,1,3,3,3,3
6,4,4,4,1,935,1,4,4,4,4
3,2,1,NA,1,936,0,3,4,4,3
0,0,2,NA,1,937,0,4,4,4,3
2,0,5,4,2,938,1,4,4,4,4
3,5,5,5,2,939,1,5,5,5,5
7,9,8,NA,1,940,0,4,4,5,4
8,1,6,NA,2,941,0,4,4,5,4
4,7,7,5,1,942,1,5,5,5,5
1,2,1,3,1,943,1,3,3,3,3
1,1,4,4,1,944,1,4,4,4,4
3,0,5,4,2,945,1,4,4,4,4
6,2,2,NA,1,946,0,3,4,4,3
2,1,3,4,1,947,1,4,4,4,4
2,1,2,4,1,948,1,4,4,4,4
0,0,2,4,1,949,1,4,4,4,4
1,4,1,NA,2,950,0,4,4,4,4
1,0,4,3,2,951,1,3,3,3,3
8,2,5,NA,1,952,0,5,4,3,5
1,4,5,5,1,953,1,5,5,5,5
2,2,3,NA,1,954,0,4,4,5,4
2,3,2,4,1,955,1,4,4,4,4
2,2,2,3,1,956,1,3,3,3,3
2,2,0,NA,2,957,0,3,4,3,4
2,0,6,3,1,958,1,3,3,3,3
4,0,2,3,1,959,1,3,3,3,3
3,4,5,NA,2,960,0,4,4,3,5
2,1,7,4,2,961,1,4,4,4,4
4,4,10,NA,2,962,0,4,4,4,4
6,4,5,NA,2,963,0,4,4,4,4
8,3,5,NA,2,964,0,4,4,4,5
7,6,7,NA,2,965,0,4,4,4,4
2,3,6,4,1,966,1,4,4,4,4
9,7,7,NA,2,967,0,4,4,4,4
4,6,7,5,2,968,1,5,5,5,5
4,1,4,NA,2,969,0,3,4,5,5
1,3,9,NA,2,970,0,6,4,5,4
3,3,8,NA,1,971,0,5,4,5,5
5,6,8,NA,1,972,0,5,4,5,4
0,1,2,3,1,973,1,3,3,3,3
3,1,6,NA,2,974,0,5,4,3,5
2,4,7,4,1,975,1,4,4,4,4
3,1,6,6,2,976,1,6,6,6,6
6,5,8,NA,2,977,0,5,4,6,4
9,0,6,5,2,978,1,5,5,5,5
11,2,8,NA,2,979,0,4,4,5,4
6,3,8,4,2,980,1,4,4,4,4
10,0,5,NA,1,981,0,5,4,4,5
5,3,8,NA,1,982,0,4,4,4,5
2,0,3,NA,2,983,0,3,4,4,4
5,1,4,4,1,984,1,4,4,4,4
1,0,3,3,1,985,1,3,3,3,3
0,2,0,3,2,986,1,3,3,3,3
0,4,8,4,1,987,1,4,4,4,4
3,3,5,4,1,988,1,4,4,4,4
3,6,2,6,1,989,1,6,6,6,6
3,1,5,4,1,990,1,4,4,4,4
1,1,1,3,1,991,1,3,3,3,3
1,5,7,4,2,992,1,4,4,4,4
8,1,3,4,1,993,1,4,4,4,4
1,0,5,3,1,994,1,3,3,3,3
0,0,4,3,1,995,1,3,3,3,3
2,1,1,5,1,996,1,5,5,5,5
2,3,0,4,1,997,1,4,4,4,4
2,3,0,4,1,998,1,4,4,4,4
9,1,3,NA,2,999,0,4,4,4,4
3,1,1,4,2,1000,1,4,4,4,4
3,9,7,NA,2,1001,0,5,4,4,5
4,3,8,NA,2,1002,0,6,4,4,5
4,1,8,5,2,1003,1,5,5,5,5
2,3,4,NA,2,1004,0,3,4,5,3
3,4,8,NA,2,1005,0,6,4,5,5
7,2,7,NA,2,1006,0,6,4,5,4
6,12,5,NA,1,1007,0,5,4,5,4
4,4,5,5,2,1008,1,5,5,5,5
2,1,3,NA,2,1009,0,4,4,5,4
4,4,9,6,2,1010,1,6,6,6,6
6,4,10,4,2,1011,1,4,4,4,4
5,2,6,5,1,1012,1,5,5,5,5
4,2,8,6,2,1013,1,6,6,6,6
9,5,8,3,1,1014,1,3,3,3,3
1,2,5,4,1,1015,1,4,4,4,4
0,0,1,5,1,1016,1,5,5,5,5
2,1,6,NA,2,1017,0,4,4,5,5
3,1,3,4,1,1018,1,4,4,4,4
5,2,6,3,2,1019,1,3,3,3,3
7,5,9,NA,1,1020,0,5,4,3,4
3,0,5,3,1,1021,1,3,3,3,3
2,1,5,NA,1,1022,0,3,4,3,4
0,3,2,3,1,1023,1,3,3,3,3
6,0,2,NA,1,1024,0,3,4,3,4
1,0,2,3,2,1025,1,3,3,3,3
4,1,6,NA,1,1026,0,4,4,3,5
5,2,6,4,2,1027,1,4,4,4,4
5,6,7,NA,2,1028,0,5,4,4,4
3,5,9,NA,2,1029,0,6,4,4,4
3,6,7,5,2,1030,1,5,5,5,5
1,4,6,5,2,1031,1,5,5,5,5
7,1,9,NA,2,1032,0,6,4,5,5
3,10,7,NA,2,1033,0,4,4,5,5
7,3,8,4,2,1034,1,4,4,4,4
3,7,9,NA,2,1035,0,5,4,4,5
7,6,5,NA,2,1036,0,5,4,4,4
4,2,4,5,1,1037,1,5,5,5,5
4,1,6,5,2,1038,1,5,5,5,5
4,3,8,NA,2,1039,0,4,4,5,5
5,0,6,6,2,1040,1,6,6,6,6
4,5,7,NA,2,1041,0,5,4,6,5
5,2,8,6,1,1042,1,6,6,6,6
4,5,8,NA,2,1043,0,4,4,6,4
9,1,4,NA,2,1044,0,5,4,6,4
7,5,9,NA,2,1045,0,4,4,6,4
4,4,6,NA,2,1046,0,6,4,6,5
3,2,4,5,2,1047,1,5,5,5,5
4,2,6,6,2,1048,1,6,6,6,6
6,4,3,NA,2,1049,0,4,4,6,4
3,3,7,NA,2,1050,0,6,4,6,5
3,3,6,6,2,1051,1,6,6,6,6
3,2,5,5,2,1052,1,5,5,5,5
5,8,6,NA,1,1053,0,6,4,5,4
5,3,9,4,2,1054,1,4,4,4,4
4,2,5,NA,2,1055,0,4,4,4,5
2,1,4,5,1,1056,1,5,5,5,5
4,3,1,NA,1,1057,0,3,4,5,4
0,2,0,3,2,1058,1,3,3,3,3
3,1,3,4,1,1059,1,4,4,4,4
3,0,4,3,1,1060,1,3,3,3,3
0,1,1,3,1,1061,1,3,3,3,3
4,3,4,NA,1,1062,0,4,4,3,4
1,1,2,NA,1,1063,0,3,4,3,3
2,0,4,3,1,1064,1,3,3,3,3
5,2,1,4,2,1065,1,4,4,4,4
1,2,4,NA,2,1066,0,3,4,4,4
8,3,7,NA,2,1067,0,5,4,4,4
5,4,10,NA,2,1068,0,5,4,4,5
5,7,5,4,1,1069,1,4,4,4,4
3,1,8,6,2,1070,1,6,6,6,6
2,4,6,6,2,1071,1,6,6,6,6
8,3,6,NA,1,1072,0,6,4,6,4
6,5,8,NA,2,1073,0,5,4,6,4
3,6,7,NA,2,1074,0,6,4,6,5
5,2,3,NA,2,1075,0,4,4,6,5
8,4,6,NA,2,1076,0,6,4,6,4
3,2,7,NA,2,1077,0,4,4,6,6
4,4,6,NA,1,1078,0,4,4,6,5
10,1,8,NA,2,1079,0,5,4,6,4
6,2,6,NA,2,1080,0,5,4,6,4
2,6,7,NA,2,1081,0,6,4,6,4
0,6,7,5,2,1082,1,5,5,5,5
4,1,6,5,2,1083,1,5,5,5,5
4,4,6,NA,2,1084,0,4,4,5,5
8,6,5,NA,2,1085,0,4,4,5,4
5,2,9,NA,2,1086,0,4,4,5,5
6,2,7,NA,2,1087,0,5,4,5,4
1,8,7,NA,2,1088,0,3,4,5,5
3,3,3,NA,1,1089,0,4,4,5,4
4,2,9,5,2,1090,1,5,5,5,5
3,0,5,5,2,1091,1,5,5,5,5
4,3,4,NA,1,1092,0,4,4,5,4
5,2,4,4,2,1093,1,4,4,4,4
1,5,6,5,2,1094,1,5,5,5,5
6,4,6,NA,2,1095,0,5,4,5,4
7,5,8,NA,2,1096,0,6,4,5,4
5,1,9,6,2,1097,1,6,6,6,6
3,4,8,6,2,1098,1,6,6,6,6
7,2,7,4,1,1099,1,4,4,4,4
3,2,4,NA,2,1100,0,5,4,4,4
5,3,8,5,2,1101,1,5,5,5,5
6,3,7,NA,2,1102,0,5,4,5,4
3,0,6,5,1,1103,1,5,5,5,5
5,5,7,NA,2,1104,0,4,4,5,4
5,5,7,NA,2,1105,0,6,4,5,4
7,4,8,NA,2,1106,0,6,4,5,4
1,1,6,5,2,1107,1,5,5,5,5
5,5,5,NA,2,1108,0,5,4,5,4
7,3,7,4,2,1109,1,4,4,4,4
10,4,6,NA,2,1110,0,4,4,4,4
6,5,9,NA,2,1111,0,5,4,4,4
3,2,3,NA,1,1112,0,4,4,4,3
4,2,6,6,2,1113,1,6,6,6,6
2,4,6,NA,2,1114,0,6,4,6,6
3,4,6,4,1,1115,1,4,4,4,4
6,0,3,5,2,1116,1,5,5,5,5
5,4,7,NA,2,1117,0,5,4,5,4
3,4,3,4,1,1118,1,4,4,4,4
9,7,4,NA,2,1119,0,5,4,4,4
4,5,3,4,2,1120,1,4,4,4,4
3,3,8,6,1,1121,1,6,6,6,6
7,3,8,5,2,1122,1,5,5,5,5
1,2,7,5,1,1123,1,5,5,5,5
4,0,5,NA,1,1124,0,5,4,5,4
4,2,6,NA,2,1125,0,4,4,5,6
1,0,4,NA,1,1126,0,3,4,5,3
2,2,5,4,2,1127,1,4,4,4,4
7,7,8,NA,2,1128,0,4,4,4,4
4,3,10,6,1,1129,1,6,6,6,6
9,3,9,NA,2,1130,0,4,4,6,5
2,5,9,4,2,1131,1,4,4,4,4
7,0,8,6,2,1132,1,6,6,6,6
4,4,4,NA,2,1133,0,3,4,6,5
8,6,8,NA,1,1134,0,4,4,6,4
8,4,8,NA,2,1135,0,3,4,6,4
9,3,9,NA,2,1136,0,5,4,6,5
4,4,8,NA,2,1137,0,6,4,6,4
4,2,4,NA,2,1138,0,5,4,6,5
4,5,8,5,2,1139,1,5,5,5,5
4,2,7,5,2,1140,1,5,5,5,5
6,4,5,NA,1,1141,0,5,4,5,4
2,4,9,6,1,1142,1,6,6,6,6
1,2,3,4,1,1143,1,4,4,4,4
2,3,3,3,1,1144,1,3,3,3,3
1,2,3,4,1,1145,1,4,4,4,4
1,0,2,4,2,1146,1,4,4,4,4
1,2,4,3,1,1147,1,3,3,3,3
4,1,3,4,2,1148,1,4,4,4,4
8,3,5,5,2,1149,1,5,5,5,5
4,6,8,NA,2,1150,0,4,4,5,4
2,1,3,NA,2,1151,0,3,4,5,4
4,3,6,6,1,1152,1,6,6,6,6
8,3,6,NA,2,1153,0,5,4,6,4
3,4,6,4,1,1154,1,4,4,4,4
4,1,7,NA,1,1155,0,5,4,4,5
2,1,3,3,2,1156,1,3,3,3,3
2,2,4,3,2,1157,1,3,3,3,3
4,6,6,NA,1,1158,0,5,4,3,5
7,2,7,NA,2,1159,0,6,4,3,4
2,2,9,6,2,1160,1,6,6,6,6
7,3,10,NA,2,1161,0,4,4,6,4
2,6,6,NA,2,1162,0,4,4,6,5
6,2,7,5,2,1163,1,5,5,5,5
6,4,7,NA,2,1164,0,6,4,5,4
10,3,7,4,2,1165,1,4,4,4,4
3,3,8,6,2,1166,1,6,6,6,6
2,3,6,NA,2,1167,0,5,4,6,5
2,4,5,6,1,1168,1,6,6,6,6
2,2,6,5,2,1169,1,5,5,5,5
5,6,6,NA,1,1170,0,5,4,5,4
0,0,2,5,1,1171,1,5,5,5,5
1,3,3,NA,2,1172,0,4,4,5,4
2,4,3,4,1,1173,1,4,4,4,4
1,3,4,4,2,1174,1,4,4,4,4
7,2,4,4,1,1175,1,4,4,4,4
1,0,0,3,1,1176,1,3,3,3,3
3,0,5,4,1,1177,1,4,4,4,4
1,0,5,5,2,1178,1,5,5,5,5
3,1,4,3,1,1179,1,3,3,3,3
1,0,7,3,2,1180,1,3,3,3,3
7,3,5,NA,1,1181,0,3,4,3,5
2,0,5,3,1,1182,1,3,3,3,3
2,2,5,4,1,1183,1,4,4,4,4
2,1,4,4,1,1184,1,4,4,4,4
4,4,5,5,1,1185,1,5,5,5,5
0,1,2,3,1,1186,1,3,3,3,3
1,0,1,3,1,1187,1,3,3,3,3
3,3,4,NA,2,1188,0,4,4,3,4
1,1,8,3,1,1189,1,3,3,3,3
0,0,5,3,1,1190,1,3,3,3,3
2,3,4,NA,1,1191,0,3,4,3,3
0,0,2,NA,1,1192,0,4,4,3,3
2,3,4,3,1,1193,1,3,3,3,3
2,3,6,4,2,1194,1,4,4,4,4
2,1,5,3,2,1195,1,3,3,3,3
4,4,10,4,2,1196,1,4,4,4,4
3,5,10,4,2,1197,1,4,4,4,4
5,1,7,NA,2,1198,0,6,4,4,5
1,5,8,6,1,1199,1,6,6,6,6
3,6,8,NA,2,1200,0,4,4,6,4
7,2,6,NA,2,1201,0,6,4,6,4
10,1,9,5,2,1202,1,5,5,5,5
2,2,4,NA,2,1203,0,6,4,5,4
7,3,10,NA,2,1204,0,4,4,5,4
5,5,7,NA,2,1205,0,4,4,5,4
8,2,4,4,1,1206,1,4,4,4,4
6,6,9,NA,1,1207,0,4,4,4,3
3,1,4,NA,2,1208,0,5,4,4,4
1,1,1,4,2,1209,1,4,4,4,4
1,3,4,5,1,1210,1,5,5,5,5
3,0,4,6,1,1211,1,6,6,6,6
4,0,6,5,1,1212,1,5,5,5,5
3,2,1,3,1,1213,1,3,3,3,3
2,3,5,3,1,1214,1,3,3,3,3
3,1,4,4,2,1215,1,4,4,4,4
2,1,2,NA,1,1216,0,4,4,4,4
1,0,2,NA,1,1217,0,3,4,4,4
2,3,1,3,1,1218,1,3,3,3,3
2,3,3,4,2,1219,1,4,4,4,4
2,2,5,3,2,1220,1,3,3,3,3
3,2,4,5,2,1221,1,5,5,5,5
6,1,10,6,2,1222,1,6,6,6,6
1,2,4,4,2,1223,1,4,4,4,4
4,4,8,4,2,1224,1,4,4,4,4
4,7,7,NA,2,1225,0,6,4,4,5
9,4,4,NA,2,1226,0,5,4,4,4
10,4,7,NA,1,1227,0,5,4,4,4
1,6,6,NA,2,1228,0,5,4,4,5
5,5,9,3,2,1229,1,3,3,3,3
0,4,3,4,1,1230,1,4,4,4,4
5,4,4,NA,2,1231,0,4,4,4,4
2,5,6,NA,1,1232,0,5,4,4,5
2,0,1,3,1,1233,1,3,3,3,3
3,2,1,3,1,1234,1,3,3,3,3
1,0,3,3,1,1235,1,3,3,3,3
1,1,3,NA,1,1236,0,3,4,3,4
0,1,1,3,1,1237,1,3,3,3,3
1,3,4,4,1,1238,1,4,4,4,4
7,3,0,NA,2,1239,0,4,4,4,4
2,0,5,5,1,1240,1,5,5,5,5
2,2,5,4,1,1241,1,4,4,4,4
1,0,3,4,1,1242,1,4,4,4,4
0,0,2,3,1,1243,1,3,3,3,3
2,2,7,5,1,1244,1,5,5,5,5
0,0,6,NA,1,1245,0,6,4,5,3
0,2,2,NA,1,1246,0,4,4,5,4
4,3,2,NA,1,1247,0,4,4,5,4
1,0,1,4,2,1248,1,4,4,4,4
2,0,1,5,2,1249,1,5,5,5,5
4,1,4,6,1,1250,1,6,6,6,6
7,3,10,NA,2,1251,0,4,4,6,4
4,9,7,NA,1,1252,0,4,4,6,4
1,1,3,4,1,1253,1,4,4,4,4
0,0,0,3,1,1254,1,3,3,3,3
0,0,0,3,1,1255,1,3,3,3,3
2,1,4,3,2,1256,1,3,3,3,3
5,1,2,4,2,1257,1,4,4,4,4
7,0,4,5,2,1258,1,5,5,5,5
9,1,4,4,2,1259,1,4,4,4,4
7,5,4,NA,2,1260,0,6,4,4,4
8,3,7,NA,2,1261,0,4,4,4,4
2,4,6,NA,1,1262,0,3,4,4,6
3,3,6,6,2,1263,1,6,6,6,6
3,5,5,5,2,1264,1,5,5,5,5
7,3,7,NA,2,1265,0,4,4,5,4
8,4,7,NA,2,1266,0,5,4,5,4
4,1,8,6,1,1267,1,6,6,6,6
2,2,6,NA,2,1268,0,4,4,6,4
4,8,9,NA,2,1269,0,4,4,6,5
6,7,9,NA,2,1270,0,4,4,6,4
7,6,8,NA,1,1271,0,5,4,6,4
1,4,6,5,2,1272,1,5,5,5,5
2,4,9,NA,2,1273,0,4,4,5,5
5,1,5,NA,2,1274,0,4,4,5,5
5,2,10,NA,2,1275,0,4,4,5,5
5,0,5,4,1,1276,1,4,4,4,4
2,4,4,6,1,1277,1,6,6,6,6
1,2,0,NA,1,1278,0,4,4,6,3
2,1,1,4,1,1279,1,4,4,4,4
4,0,1,NA,1,1280,0,4,4,4,4
0,1,4,3,2,1281,1,3,3,3,3
2,2,4,5,2,1282,1,5,5,5,5
3,5,5,NA,1,1283,0,4,4,5,5
2,0,3,5,1,1284,1,5,5,5,5
2,0,4,4,1,1285,1,4,4,4,4
4,0,2,3,1,1286,1,3,3,3,3
3,3,1,4,2,1287,1,4,4,4,4
3,0,2,4,2,1288,1,4,4,4,4
2,4,6,5,2,1289,1,5,5,5,5
6,2,7,NA,2,1290,0,5,4,5,4
6,2,6,NA,1,1291,0,4,4,5,4
7,3,6,4,2,1292,1,4,4,4,4
1,7,5,5,2,1293,1,5,5,5,5
5,1,8,5,2,1294,1,5,5,5,5
3,2,6,6,1,1295,1,6,6,6,6
3,1,5,4,2,1296,1,4,4,4,4
6,3,7,NA,2,1297,0,6,4,4,4
3,5,7,NA,2,1298,0,5,4,4,5
3,5,5,NA,2,1299,0,6,4,4,5
6,5,6,NA,2,1300,0,6,4,4,4
4,4,5,NA,2,1301,0,4,4,4,4
4,1,7,6,2,1302,1,6,6,6,6
1,4,3,5,2,1303,1,5,5,5,5
9,5,5,4,2,1304,1,4,4,4,4
8,7,7,4,2,1305,1,4,4,4,4
4,0,8,4,2,1306,1,4,4,4,4
1,3,7,6,1,1307,1,6,6,6,6
6,3,7,NA,1,1308,0,5,4,6,4
2,3,5,4,2,1309,1,4,4,4,4
2,2,2,4,1,1310,1,4,4,4,4
1,1,3,3,1,1311,1,3,3,3,3
0,0,2,3,1,1312,1,3,3,3,3
2,1,5,4,1,1313,1,4,4,4,4
1,1,5,4,1,1314,1,4,4,4,4
1,1,6,4,1,1315,1,4,4,4,4
5,0,5,NA,1,1316,0,3,4,4,4
5,4,4,NA,1,1317,0,4,4,4,4
2,2,6,3,1,1318,1,3,3,3,3
1,2,8,5,2,1319,1,5,5,5,5
1,0,5,3,1,1320,1,3,3,3,3
2,2,3,4,1,1321,1,4,4,4,4
2,1,0,3,1,1322,1,3,3,3,3
0,2,3,5,1,1323,1,5,5,5,5
3,1,3,4,2,1324,1,4,4,4,4
2,0,3,3,1,1325,1,3,3,3,3
4,2,2,NA,2,1326,0,4,4,3,3
6,2,9,NA,2,1327,0,5,4,3,5
5,2,8,6,2,1328,1,6,6,6,6
3,8,9,NA,2,1329,0,5,4,6,5
4,8,9,NA,2,1330,0,4,4,6,5
8,5,8,NA,2,1331,0,4,4,6,4
5,1,8,NA,2,1332,0,5,4,6,5
6,4,1,NA,1,1333,0,4,4,6,3
2,4,7,5,2,1334,1,5,5,5,5
7,4,9,NA,1,1335,0,4,4,5,3
1,0,0,4,1,1336,1,4,4,4,4
2,2,2,5,1,1337,1,5,5,5,5
3,1,4,NA,1,1338,0,3,4,5,4
1,2,3,NA,1,1339,0,5,4,5,4
0,3,2,3,1,1340,1,3,3,3,3
1,3,4,3,1,1341,1,3,3,3,3
3,1,3,3,2,1342,1,3,3,3,3
2,1,4,NA,1,1343,0,4,4,3,4
4,2,3,3,1,1344,1,3,3,3,3
0,1,2,3,1,1345,1,3,3,3,3
1,1,1,3,2,1346,1,3,3,3,3
4,0,5,3,1,1347,1,3,3,3,3
3,3,7,3,1,1348,1,3,3,3,3
2,1,4,4,1,1349,1,4,4,4,4
5,1,7,4,1,1350,1,4,4,4,4
7,3,4,NA,1,1351,0,3,4,4,4
1,0,3,3,1,1352,1,3,3,3,3
0,0,4,3,1,1353,1,3,3,3,3
1,0,1,3,1,1354,1,3,3,3,3
5,3,3,NA,1,1355,0,3,4,3,4
0,1,7,4,1,1356,1,4,4,4,4
2,4,3,NA,1,1357,0,3,4,4,4
1,0,6,3,1,1358,1,3,3,3,3
0,1,2,3,1,1359,1,3,3,3,3
2,3,2,NA,1,1360,0,4,4,3,4
4,2,1,NA,1,1361,0,3,4,3,3
3,2,2,NA,1,1362,0,4,4,3,4
1,4,0,3,2,1363,1,3,3,3,3
1,6,2,NA,2,1364,0,4,4,3,4
3,3,10,5,1,1365,1,5,5,5,5
3,1,4,5,2,1366,1,5,5,5,5
3,2,7,6,2,1367,1,6,6,6,6
6,6,6,NA,2,1368,0,5,4,6,4
6,2,8,NA,2,1369,0,6,4,6,4
2,3,6,5,2,1370,1,5,5,5,5
3,2,7,6,2,1371,1,6,6,6,6
8,1,7,NA,2,1372,0,6,4,6,4
7,3,7,NA,2,1373,0,3,4,6,4
7,4,8,NA,2,1374,0,5,4,6,4
2,3,7,NA,2,1375,0,4,4,6,6
1,1,7,4,2,1376,1,4,4,4,4
5,1,7,NA,2,1377,0,5,4,4,5
3,1,4,NA,1,1378,0,4,4,4,4
5,3,8,NA,1,1379,0,4,4,4,5
1,1,4,4,2,1380,1,4,4,4,4
1,2,3,NA,2,1381,0,4,4,4,4
5,4,7,NA,2,1382,0,6,4,4,4
5,2,8,5,2,1383,1,5,5,5,5
2,2,7,6,1,1384,1,6,6,6,6
3,7,5,NA,2,1385,0,4,4,6,5
3,5,5,NA,2,1386,0,6,4,6,5
7,7,9,NA,2,1387,0,4,4,6,4
7,2,6,4,2,1388,1,4,4,4,4
10,1,10,NA,2,1389,0,4,4,4,5
6,3,4,NA,2,1390,0,4,4,4,4
3,3,8,5,1,1391,1,5,5,5,5
6,4,8,NA,2,1392,0,4,4,5,4
7,3,9,NA,2,1393,0,4,4,5,4
6,1,10,NA,2,1394,0,5,4,5,5
4,3,6,NA,2,1395,0,5,4,5,5
3,3,8,6,2,1396,1,6,6,6,6
1,1,3,4,1,1397,1,4,4,4,4
5,3,7,4,2,1398,1,4,4,4,4
2,2,4,5,2,1399,1,5,5,5,5
8,5,7,NA,1,1400,0,4,4,5,4
5,4,6,NA,1,1401,0,5,4,5,4
2,3,2,4,1,1402,1,4,4,4,4
2,3,3,NA,2,1403,0,6,4,4,4
2,1,6,4,1,1404,1,4,4,4,4
0,2,3,4,2,1405,1,4,4,4,4
9,6,4,NA,1,1406,0,5,4,4,4
3,1,3,4,1,1407,1,4,4,4,4
2,2,9,3,1,1408,1,3,3,3,3
4,1,2,3,2,1409,1,3,3,3,3
5,0,2,3,1,1410,1,3,3,3,3
1,0,1,3,1,1411,1,3,3,3,3
3,0,3,4,1,1412,1,4,4,4,4
1,4,3,3,1,1413,1,3,3,3,3
2,1,1,4,1,1414,1,4,4,4,4
5,2,7,4,1,1415,1,4,4,4,4
1,2,3,4,1,1416,1,4,4,4,4
2,0,5,NA,1,1417,0,5,4,4,4
2,0,4,3,1,1418,1,3,3,3,3
1,3,4,NA,1,1419,0,4,4,3,4
0,1,1,3,2,1420,1,3,3,3,3
0,0,2,NA,1,1421,0,4,4,3,3
1,2,6,4,2,1422,1,4,4,4,4
2,5,7,4,2,1423,1,4,4,4,4
3,2,7,5,1,1424,1,5,5,5,5
1,3,6,5,1,1425,1,5,5,5,5
2,1,3,3,2,1426,1,3,3,3,3
2,2,3,3,1,1427,1,3,3,3,3
2,3,3,4,1,1428,1,4,4,4,4
5,1,4,4,1,1429,1,4,4,4,4
1,1,2,4,1,1430,1,4,4,4,4
6,3,5,NA,1,1431,0,5,4,4,5
1,1,3,5,1,1432,1,5,5,5,5
3,0,0,3,1,1433,1,3,3,3,3
1,0,2,3,1,1434,1,3,3,3,3
4,0,5,NA,2,1435,0,5,4,3,4
1,1,4,4,1,1436,1,4,4,4,4
1,0,2,3,1,1437,1,3,3,3,3
0,0,4,NA,2,1438,0,4,4,3,3
0,1,5,4,1,1439,1,4,4,4,4
1,0,2,3,1,1440,1,3,3,3,3
1,1,1,4,2,1441,1,4,4,4,4
6,2,5,NA,1,1442,0,4,4,4,5
0,2,4,3,1,1443,1,3,3,3,3
3,2,2,4,1,1444,1,4,4,4,4
2,1,4,NA,1,1445,0,3,4,4,4
2,5,6,NA,1,1446,0,3,4,4,5
3,1,1,3,1,1447,1,3,3,3,3
4,6,2,NA,1,1448,0,3,4,3,5
2,1,7,3,1,1449,1,3,3,3,3
4,4,4,5,1,1450,1,5,5,5,5
5,1,6,4,1,1451,1,4,4,4,4
1,1,2,3,1,1452,1,3,3,3,3
3,0,3,3,2,1453,1,3,3,3,3
2,0,4,4,1,1454,1,4,4,4,4
1,1,4,5,1,1455,1,5,5,5,5
3,1,2,3,1,1456,1,3,3,3,3
5,2,2,NA,1,1457,0,4,4,3,3
0,0,4,3,1,1458,1,3,3,3,3
2,2,3,3,1,1459,1,3,3,3,3
0,1,1,4,1,1460,1,4,4,4,4
