"","call_counts","text_counts","duration","survey_outcome","z","day","response_mcar"
"1",3,3,3,3,1,1,1
"2",5,5,5,4,1,2,1
"3",6,6,6,NA,1,3,0
"4",2,1,2,NA,1,4,0
"5",1,1,3,NA,1,5,0
"6",3,2,2,NA,1,6,0
"7",2,2,5,5,2,7,1
"8",1,0,3,4,1,8,1
"9",5,4,2,4,2,9,1
"10",9,6,7,6,1,10,1
"11",2,1,4,NA,1,11,0
"12",2,1,4,NA,1,12,0
"13",0,0,3,4,1,13,1
"14",0,0,5,NA,1,14,0
"15",1,0,3,NA,1,15,0
"16",4,3,2,4,2,16,1
"17",3,2,1,4,2,17,1
"18",5,4,8,3,1,18,1
"19",5,4,7,6,2,19,1
"20",6,5,7,NA,1,20,0
"21",4,4,4,5,2,21,1
"22",3,2,8,NA,2,22,0
"23",5,4,8,5,1,23,1
"24",7,6,8,6,1,24,1
"25",1,0,4,3,1,25,1
"26",2,1,3,4,1,26,1
"27",2,0,1,3,2,27,1
"28",1,0,4,3,1,28,1
"29",1,1,3,NA,1,29,0
"30",0,0,3,NA,1,30,0
"31",2,1,2,5,1,31,1
"32",4,4,3,NA,2,32,0
"33",1,0,3,NA,1,33,0
"34",1,1,4,3,1,34,1
"35",2,2,3,NA,1,35,0
"36",2,1,3,NA,1,36,0
"37",1,1,3,4,1,37,1
"38",5,3,2,3,2,38,1
"39",2,2,3,5,2,39,1
"40",7,6,7,6,1,40,1
"41",2,2,7,4,2,41,1
"42",5,4,8,NA,1,42,0
"43",2,1,4,4,1,43,1
"44",3,3,3,4,2,44,1
"45",2,2,3,4,1,45,1
"46",3,2,4,NA,2,46,0
"47",4,3,8,6,2,47,1
"48",5,4,6,6,2,48,1
"49",7,6,6,NA,1,49,0
"50",1,0,7,5,2,50,1
"51",4,3,8,NA,2,51,0
"52",6,5,7,4,1,52,1
"53",5,4,8,NA,1,53,0
"54",2,1,3,3,1,54,1
"55",5,4,2,3,2,55,1
"56",2,1,3,NA,1,56,0
"57",2,1,2,4,1,57,1
"58",0,0,4,NA,1,58,0
"59",0,0,5,NA,1,59,0
"60",1,0,3,4,1,60,1
"61",3,1,2,3,1,61,1
"62",2,1,4,3,1,62,1
"63",2,2,3,4,1,63,1
"64",0,0,5,NA,1,64,0
"65",4,2,3,4,1,65,1
"66",1,2,4,3,1,66,1
"67",2,1,3,3,1,67,1
"68",2,2,2,5,2,68,1
"69",2,0,3,NA,1,69,0
"70",2,2,1,4,1,70,1
"71",1,0,4,3,1,71,1
"72",3,1,3,4,1,72,1
"73",0,0,5,3,1,73,1
"74",4,2,3,NA,1,74,0
"75",2,0,2,4,2,75,1
"76",3,2,4,5,1,76,1
"77",2,1,2,5,1,77,1
"78",2,3,2,4,1,78,1
"79",2,0,3,4,2,79,1
"80",4,1,3,5,2,80,1
"81",7,4,7,NA,2,81,0
"82",4,5,7,5,1,82,1
"83",7,6,6,6,1,83,1
"84",6,1,2,NA,1,84,0
"85",2,3,3,NA,2,85,0
"86",1,3,4,NA,1,86,0
"87",2,2,1,4,1,87,1
"88",1,1,4,3,1,88,1
"89",3,1,3,NA,1,89,0
"90",0,0,4,NA,1,90,0
"91",3,3,3,3,1,91,1
"92",0,0,3,3,1,92,1
"93",1,1,3,NA,1,93,0
"94",1,0,2,NA,1,94,0
"95",0,0,4,NA,1,95,0
"96",0,0,4,NA,1,96,0
"97",2,0,4,NA,2,97,0
"98",2,0,5,3,1,98,1
"99",3,1,4,4,2,99,1
"100",8,6,6,NA,2,100,0
"101",5,5,6,5,2,101,1
"102",5,6,6,6,2,102,1
"103",7,4,7,6,2,103,1
"104",5,3,6,3,2,104,1
"105",6,6,7,5,2,105,1
"106",5,4,6,6,2,106,1
"107",4,4,7,6,1,107,1
"108",11,3,6,6,2,108,1
"109",5,2,9,3,2,109,1
"110",2,8,8,5,2,110,1
"111",2,3,8,3,2,111,1
"112",5,2,7,4,1,112,1
"113",7,1,9,5,1,113,1
"114",3,2,2,4,2,114,1
"115",5,4,3,NA,2,115,0
"116",5,3,8,6,2,116,1
"117",4,8,6,5,2,117,1
"118",4,5,7,6,2,118,1
"119",3,3,7,NA,2,119,0
"120",1,3,7,5,2,120,1
"121",6,2,7,3,2,121,1
"122",2,0,7,5,2,122,1
"123",5,5,7,NA,2,123,0
"124",6,2,6,6,1,124,1
"125",9,3,8,NA,2,125,0
"126",5,5,7,5,2,126,1
"127",5,9,7,5,2,127,1
"128",3,4,7,6,1,128,1
"129",5,3,8,5,2,129,1
"130",5,2,7,NA,2,130,0
"131",5,5,7,5,2,131,1
"132",3,4,6,6,2,132,1
"133",3,4,7,6,2,133,1
"134",5,2,7,NA,2,134,0
"135",5,2,6,4,2,135,1
"136",2,3,8,NA,2,136,0
"137",2,4,5,6,2,137,1
"138",6,1,7,5,1,138,1
"139",10,1,5,NA,2,139,0
"140",5,5,7,5,2,140,1
"141",5,7,6,NA,2,141,0
"142",5,4,6,NA,1,142,0
"143",10,4,7,6,2,143,1
"144",6,4,5,NA,2,144,0
"145",5,7,8,NA,1,145,0
"146",6,4,5,6,2,146,1
"147",3,5,7,NA,2,147,0
"148",4,4,6,5,2,148,1
"149",6,3,6,6,2,149,1
"150",3,1,9,5,1,150,1
"151",3,5,7,5,1,151,1
"152",4,2,2,4,1,152,1
"153",1,1,1,4,2,153,1
"154",4,2,3,NA,1,154,0
"155",2,0,3,4,1,155,1
"156",2,4,3,3,1,156,1
"157",2,2,2,4,1,157,1
"158",3,2,2,NA,1,158,0
"159",3,1,2,3,1,159,1
"160",0,1,4,NA,1,160,0
"161",3,2,2,NA,1,161,0
"162",1,1,2,5,1,162,1
"163",0,1,5,3,1,163,1
"164",1,0,3,NA,1,164,0
"165",1,1,3,5,2,165,1
"166",2,0,4,4,1,166,1
"167",1,0,4,3,1,167,1
"168",4,4,2,3,2,168,1
"169",2,0,5,3,1,169,1
"170",2,2,3,4,1,170,1
"171",1,3,2,4,1,171,1
"172",1,4,3,NA,2,172,0
"173",3,1,3,5,1,173,1
"174",0,0,5,NA,1,174,0
"175",1,0,3,3,2,175,1
"176",2,0,3,5,2,176,1
"177",7,5,7,NA,2,177,0
"178",7,3,7,5,2,178,1
"179",4,5,7,5,1,179,1
"180",3,5,8,NA,1,180,0
"181",2,0,5,NA,1,181,0
"182",1,2,4,3,1,182,1
"183",2,1,4,4,2,183,1
"184",3,1,2,NA,1,184,0
"185",2,2,4,NA,1,185,0
"186",1,1,3,3,2,186,1
"187",1,3,2,4,1,187,1
"188",4,1,4,4,2,188,1
"189",5,7,7,NA,2,189,0
"190",6,2,8,NA,1,190,0
"191",3,2,6,NA,2,191,0
"192",6,6,7,6,1,192,1
"193",4,2,2,NA,1,193,0
"194",4,4,3,5,2,194,1
"195",2,0,3,3,1,195,1
"196",4,3,2,NA,1,196,0
"197",1,1,4,3,2,197,1
"198",1,4,2,5,1,198,1
"199",6,2,2,4,1,199,1
"200",0,1,4,NA,1,200,0
"201",3,1,2,4,2,201,1
"202",0,0,3,3,1,202,1
"203",3,4,3,4,2,203,1
"204",4,2,7,5,2,204,1
"205",5,3,9,NA,2,205,0
"206",3,1,9,5,2,206,1
"207",3,6,7,NA,2,207,0
"208",7,4,5,NA,2,208,0
"209",2,3,9,4,1,209,1
"210",2,2,8,NA,2,210,0
"211",5,2,8,3,2,211,1
"212",5,4,7,NA,2,212,0
"213",3,2,8,NA,1,213,0
"214",3,2,7,4,1,214,1
"215",3,1,3,5,1,215,1
"216",5,2,3,4,2,216,1
"217",1,0,2,NA,2,217,0
"218",5,2,8,3,1,218,1
"219",7,4,9,3,2,219,1
"220",7,8,7,NA,2,220,0
"221",5,2,6,NA,1,221,0
"222",5,4,8,6,1,222,1
"223",5,5,3,3,1,223,1
"224",6,3,1,NA,1,224,0
"225",1,1,3,5,1,225,1
"226",2,2,2,4,1,226,1
"227",1,5,3,NA,1,227,0
"228",2,5,2,3,2,228,1
"229",1,0,5,3,1,229,1
"230",4,1,3,5,1,230,1
"231",3,1,1,4,1,231,1
"232",1,0,3,NA,1,232,0
"233",0,1,3,NA,2,233,0
"234",2,4,2,NA,1,234,0
"235",6,3,0,NA,2,235,0
"236",4,3,6,NA,2,236,0
"237",2,0,8,5,2,237,1
"238",4,3,7,NA,2,238,0
"239",6,6,7,6,2,239,1
"240",3,2,8,5,1,240,1
"241",7,2,6,6,2,241,1
"242",5,2,8,5,2,242,1
"243",5,5,7,NA,2,243,0
"244",3,2,8,NA,2,244,0
"245",4,4,8,5,2,245,1
"246",4,4,7,NA,1,246,0
"247",6,4,6,6,2,247,1
"248",7,3,8,6,2,248,1
"249",3,4,5,NA,2,249,0
"250",4,3,6,NA,2,250,0
"251",3,4,7,NA,2,251,0
"252",4,7,7,4,2,252,1
"253",2,1,8,5,1,253,1
"254",5,2,7,5,1,254,1
"255",4,0,3,NA,2,255,0
"256",3,2,3,NA,1,256,0
"257",4,0,3,NA,1,257,0
"258",2,1,4,4,1,258,1
"259",1,3,4,3,1,259,1
"260",4,4,1,NA,2,260,0
"261",0,3,4,4,1,261,1
"262",1,1,3,NA,1,262,0
"263",2,2,3,3,2,263,1
"264",1,1,4,4,1,264,1
"265",4,0,3,5,1,265,1
"266",2,1,3,3,1,266,1
"267",0,1,4,NA,1,267,0
"268",0,1,5,3,1,268,1
"269",3,3,3,4,1,269,1
"270",3,2,3,3,1,270,1
"271",1,1,2,3,2,271,1
"272",0,1,3,NA,1,272,0
"273",4,3,2,NA,1,273,0
"274",2,3,3,NA,1,274,0
"275",1,0,3,3,1,275,1
"276",1,0,2,NA,1,276,0
"277",0,0,6,NA,1,277,0
"278",0,2,3,NA,1,278,0
"279",1,1,4,NA,1,279,0
"280",2,1,1,4,2,280,1
"281",1,0,4,3,1,281,1
"282",1,0,2,NA,1,282,0
"283",0,1,4,4,1,283,1
"284",1,0,3,NA,1,284,0
"285",2,1,3,3,1,285,1
"286",2,0,4,NA,2,286,0
"287",0,1,2,NA,1,287,0
"288",3,1,2,3,1,288,1
"289",5,2,2,3,1,289,1
"290",2,3,2,3,1,290,1
"291",0,0,4,NA,1,291,0
"292",1,1,3,3,1,292,1
"293",0,2,4,5,1,293,1
"294",1,1,3,NA,1,294,0
"295",0,0,3,4,1,295,1
"296",1,0,3,4,2,296,1
"297",2,1,2,3,1,297,1
"298",0,0,5,3,1,298,1
"299",5,0,3,NA,1,299,0
"300",1,0,4,NA,1,300,0
"301",1,0,4,NA,1,301,0
"302",3,0,3,3,1,302,1
"303",0,5,3,4,2,303,1
"304",0,0,4,4,1,304,1
"305",1,2,2,4,1,305,1
"306",3,0,5,NA,1,306,0
"307",2,3,3,3,1,307,1
"308",0,0,5,NA,1,308,0
"309",1,0,5,3,2,309,1
"310",2,0,3,NA,1,310,0
"311",1,3,4,NA,2,311,0
"312",12,5,6,6,2,312,1
"313",3,1,7,4,2,313,1
"314",6,3,8,NA,2,314,0
"315",2,3,7,6,2,315,1
"316",4,3,7,5,1,316,1
"317",3,9,6,6,2,317,1
"318",3,2,7,5,2,318,1
"319",6,4,8,3,2,319,1
"320",6,1,7,5,2,320,1
"321",4,3,7,5,2,321,1
"322",6,2,6,6,1,322,1
"323",2,1,7,5,2,323,1
"324",3,5,8,NA,1,324,0
"325",3,1,4,4,1,325,1
"326",2,0,4,5,1,326,1
"327",4,2,1,5,2,327,1
"328",1,0,3,4,2,328,1
"329",4,2,7,6,1,329,1
"330",12,8,7,NA,1,330,0
"331",3,1,3,5,2,331,1
"332",6,2,2,NA,1,332,0
"333",3,0,4,NA,1,333,0
"334",3,1,3,5,2,334,1
"335",2,7,1,3,1,335,1
"336",3,3,3,4,1,336,1
"337",4,3,4,3,1,337,1
"338",1,3,3,3,1,338,1
"339",1,2,4,4,1,339,1
"340",2,0,4,5,1,340,1
"341",0,3,3,6,1,341,1
"342",1,6,3,NA,1,342,0
"343",2,1,2,4,2,343,1
"344",1,1,4,3,2,344,1
"345",6,6,6,5,2,345,1
"346",10,1,7,NA,2,346,0
"347",11,3,7,5,2,347,1
"348",5,5,5,NA,2,348,0
"349",6,2,6,6,2,349,1
"350",3,3,8,NA,2,350,0
"351",6,8,7,5,2,351,1
"352",3,8,8,6,2,352,1
"353",4,1,9,NA,1,353,0
"354",2,3,8,5,2,354,1
"355",3,2,8,3,2,355,1
"356",6,4,7,NA,1,356,0
"357",5,3,7,4,2,357,1
"358",1,3,9,3,1,358,1
"359",3,0,4,NA,1,359,0
"360",2,1,2,4,2,360,1
"361",5,3,3,3,1,361,1
"362",2,2,1,4,2,362,1
"363",7,1,7,NA,2,363,0
"364",4,7,4,NA,2,364,0
"365",6,2,8,5,2,365,1
"366",5,9,6,5,1,366,1
"367",2,3,7,NA,2,367,0
"368",4,6,7,NA,2,368,0
"369",6,1,8,NA,1,369,0
"370",3,5,8,5,2,370,1
"371",4,3,8,5,1,371,1
"372",5,0,2,NA,2,372,0
"373",3,3,6,NA,2,373,0
"374",6,6,7,6,2,374,1
"375",6,2,7,NA,2,375,0
"376",5,4,6,NA,1,376,0
"377",4,6,7,NA,2,377,0
"378",6,1,6,NA,2,378,0
"379",8,5,7,NA,2,379,0
"380",3,4,7,NA,2,380,0
"381",3,4,7,6,1,381,1
"382",4,4,7,5,2,382,1
"383",3,3,9,4,2,383,1
"384",6,6,8,3,2,384,1
"385",2,2,8,5,2,385,1
"386",6,2,6,NA,2,386,0
"387",4,2,7,NA,1,387,0
"388",4,2,8,NA,2,388,0
"389",6,6,7,NA,2,389,0
"390",11,3,5,NA,2,390,0
"391",3,3,7,6,1,391,1
"392",4,3,5,NA,2,392,0
"393",7,4,6,4,1,393,1
"394",2,1,4,3,1,394,1
"395",0,3,4,3,1,395,1
"396",3,0,4,NA,2,396,0
"397",1,0,3,4,1,397,1
"398",1,3,3,NA,1,398,0
"399",6,3,2,NA,1,399,0
"400",1,0,5,NA,1,400,0
"401",1,5,3,5,1,401,1
"402",2,1,2,NA,1,402,0
"403",1,0,4,5,1,403,1
"404",0,3,4,NA,1,404,0
"405",0,1,5,4,1,405,1
"406",1,1,2,4,2,406,1
"407",2,1,3,NA,2,407,0
"408",3,5,7,5,1,408,1
"409",9,3,7,6,2,409,1
"410",8,3,7,4,2,410,1
"411",9,2,7,3,1,411,1
"412",5,4,8,NA,2,412,0
"413",4,2,6,5,1,413,1
"414",3,5,3,5,2,414,1
"415",0,5,8,5,2,415,1
"416",7,6,8,5,1,416,1
"417",11,5,6,NA,1,417,0
"418",1,1,2,NA,2,418,0
"419",3,2,4,4,1,419,1
"420",2,0,4,5,1,420,1
"421",3,4,3,4,1,421,1
"422",3,6,2,4,2,422,1
"423",1,0,5,NA,1,423,0
"424",0,2,4,NA,1,424,0
"425",4,3,2,4,1,425,1
"426",3,3,3,3,1,426,1
"427",3,2,1,NA,1,427,0
"428",2,1,4,NA,1,428,0
"429",1,0,5,4,1,429,1
"430",1,3,1,5,1,430,1
"431",2,3,2,NA,2,431,0
"432",2,2,2,NA,2,432,0
"433",2,4,6,NA,1,433,0
"434",10,5,5,6,1,434,1
"435",3,0,4,NA,1,435,0
"436",5,1,1,5,1,436,1
"437",4,1,3,NA,1,437,0
"438",0,0,4,NA,1,438,0
"439",1,4,3,NA,2,439,0
"440",1,2,4,5,1,440,1
"441",0,4,3,3,1,441,1
"442",4,4,2,4,1,442,1
"443",3,0,4,NA,2,443,0
"444",0,1,3,NA,1,444,0
"445",1,1,5,NA,1,445,0
"446",4,0,3,NA,1,446,0
"447",0,2,4,3,1,447,1
"448",1,2,3,5,1,448,1
"449",4,1,3,6,2,449,1
"450",3,2,4,NA,1,450,0
"451",1,4,4,5,2,451,1
"452",6,2,5,6,2,452,1
"453",3,2,8,5,2,453,1
"454",9,4,6,NA,1,454,0
"455",2,4,6,NA,2,455,0
"456",3,3,5,5,2,456,1
"457",11,3,6,NA,2,457,0
"458",5,2,7,NA,2,458,0
"459",4,6,8,5,1,459,1
"460",4,2,5,6,2,460,1
"461",2,1,6,6,1,461,1
"462",4,5,5,4,2,462,1
"463",5,4,7,6,2,463,1
"464",7,1,9,4,1,464,1
"465",4,1,8,5,2,465,1
"466",1,1,8,NA,2,466,0
"467",3,5,7,NA,2,467,0
"468",5,3,7,6,2,468,1
"469",0,9,6,5,1,469,1
"470",4,3,8,5,1,470,1
"471",1,0,5,4,1,471,1
"472",3,0,4,5,1,472,1
"473",1,1,0,4,1,473,1
"474",1,0,1,4,1,474,1
"475",3,2,4,3,2,475,1
"476",3,1,4,3,2,476,1
"477",4,6,8,NA,2,477,0
"478",10,5,6,6,2,478,1
"479",6,1,7,5,2,479,1
"480",4,3,7,NA,1,480,0
"481",2,4,8,NA,2,481,0
"482",3,4,7,NA,2,482,0
"483",7,8,7,5,2,483,1
"484",5,5,6,NA,2,484,0
"485",5,3,6,5,2,485,1
"486",6,2,7,5,1,486,1
"487",4,1,9,NA,2,487,0
"488",1,4,9,NA,2,488,0
"489",7,4,7,NA,2,489,0
"490",10,4,6,NA,2,490,0
"491",6,5,5,NA,2,491,0
"492",5,4,8,4,1,492,1
"493",4,2,6,NA,2,493,0
"494",0,3,9,NA,1,494,0
"495",0,0,1,3,2,495,1
"496",8,6,5,NA,2,496,0
"497",0,2,4,4,1,497,1
"498",2,4,6,6,2,498,1
"499",9,1,7,4,2,499,1
"500",5,0,6,6,2,500,1
"501",3,5,7,NA,2,501,0
"502",5,2,7,NA,1,502,0
"503",5,0,5,NA,2,503,0
"504",4,7,7,5,2,504,1
"505",6,3,5,NA,2,505,0
"506",7,2,7,NA,2,506,0
"507",1,2,8,5,1,507,1
"508",4,3,3,NA,2,508,0
"509",7,4,3,5,1,509,1
"510",2,2,1,4,1,510,1
"511",1,2,2,NA,2,511,0
"512",3,0,3,NA,2,512,0
"513",12,5,10,6,2,513,1
"514",5,5,7,NA,1,514,0
"515",9,5,9,NA,2,515,0
"516",6,5,6,6,2,516,1
"517",5,4,10,5,2,517,1
"518",8,7,5,5,1,518,1
"519",5,3,8,6,2,519,1
"520",1,5,5,5,2,520,1
"521",6,5,8,5,2,521,1
"522",5,3,6,NA,2,522,0
"523",3,6,4,NA,2,523,0
"524",6,3,6,6,1,524,1
"525",6,0,9,NA,2,525,0
"526",4,4,7,NA,2,526,0
"527",6,5,5,NA,2,527,0
"528",8,2,9,NA,2,528,0
"529",6,5,6,4,1,529,1
"530",3,3,9,NA,1,530,0
"531",0,0,1,NA,1,531,0
"532",1,1,4,NA,2,532,0
"533",6,3,7,NA,2,533,0
"534",6,4,7,NA,1,534,0
"535",6,2,6,6,2,535,1
"536",9,2,7,NA,2,536,0
"537",10,2,6,5,2,537,1
"538",5,7,9,6,2,538,1
"539",1,4,7,NA,2,539,0
"540",3,4,8,5,2,540,1
"541",3,6,6,NA,2,541,0
"542",2,10,6,4,2,542,1
"543",2,4,8,5,2,543,1
"544",4,0,2,5,2,544,1
"545",4,2,7,6,1,545,1
"546",3,3,8,6,2,546,1
"547",4,1,5,NA,2,547,0
"548",4,1,5,6,2,548,1
"549",9,3,7,5,2,549,1
"550",6,2,10,NA,1,550,0
"551",5,3,8,5,2,551,1
"552",3,3,2,5,2,552,1
"553",2,2,8,6,1,553,1
"554",12,8,6,4,1,554,1
"555",2,2,3,5,1,555,1
"556",2,1,1,4,1,556,1
"557",1,0,1,NA,2,557,0
"558",5,0,5,3,2,558,1
"559",7,12,8,NA,2,559,0
"560",0,2,5,NA,2,560,0
"561",8,4,10,5,2,561,1
"562",7,5,7,6,1,562,1
"563",5,6,8,NA,1,563,0
"564",0,2,2,NA,1,564,0
"565",0,0,4,NA,1,565,0
"566",5,4,2,NA,1,566,0
"567",5,3,5,NA,2,567,0
"568",1,1,4,NA,2,568,0
"569",3,2,6,NA,2,569,0
"570",4,1,9,4,2,570,1
"571",6,6,10,6,2,571,1
"572",7,5,7,5,2,572,1
"573",7,5,4,6,1,573,1
"574",3,1,4,NA,2,574,0
"575",5,2,3,NA,2,575,0
"576",4,5,8,5,2,576,1
"577",8,5,9,4,2,577,1
"578",2,4,9,5,1,578,1
"579",3,2,7,NA,2,579,0
"580",3,2,7,4,1,580,1
"581",2,1,5,5,2,581,1
"582",8,8,9,NA,1,582,0
"583",3,1,5,5,2,583,1
"584",6,2,5,6,2,584,1
"585",3,2,5,4,1,585,1
"586",6,1,5,NA,1,586,0
"587",3,2,5,3,1,587,1
"588",0,1,0,4,1,588,1
"589",5,2,5,NA,1,589,0
"590",2,1,1,NA,1,590,0
"591",0,2,2,NA,1,591,0
"592",3,3,6,3,2,592,1
"593",2,1,2,5,2,593,1
"594",2,8,6,NA,2,594,0
"595",4,3,9,NA,2,595,0
"596",11,1,9,5,2,596,1
"597",7,5,9,6,2,597,1
"598",4,2,4,NA,1,598,0
"599",3,1,5,NA,2,599,0
"600",7,4,7,5,2,600,1
"601",5,6,7,4,2,601,1
"602",7,5,8,4,2,602,1
"603",6,4,8,NA,2,603,0
"604",4,2,5,NA,1,604,0
"605",5,4,4,3,1,605,1
"606",1,1,8,NA,1,606,0
"607",2,3,2,4,2,607,1
"608",4,2,4,NA,2,608,0
"609",10,4,5,NA,1,609,0
"610",3,4,7,NA,2,610,0
"611",5,1,5,6,2,611,1
"612",10,3,6,NA,1,612,0
"613",10,4,3,NA,2,613,0
"614",4,6,8,5,1,614,1
"615",1,1,1,4,1,615,1
"616",6,3,6,4,1,616,1
"617",0,0,3,3,1,617,1
"618",0,5,1,4,2,618,1
"619",4,5,2,NA,1,619,0
"620",2,1,3,NA,1,620,0
"621",2,1,3,5,1,621,1
"622",2,5,0,NA,1,622,0
"623",3,0,2,4,1,623,1
"624",2,4,6,6,2,624,1
"625",0,0,2,3,1,625,1
"626",0,1,2,3,1,626,1
"627",2,1,2,NA,1,627,0
"628",1,3,6,4,1,628,1
"629",3,1,1,NA,1,629,0
"630",1,1,3,5,1,630,1
"631",2,1,0,NA,1,631,0
"632",0,1,3,NA,1,632,0
"633",2,0,0,4,2,633,1
"634",2,3,3,5,2,634,1
"635",3,2,7,6,2,635,1
"636",6,4,7,NA,2,636,0
"637",6,2,7,6,2,637,1
"638",9,3,5,NA,2,638,0
"639",6,3,7,4,2,639,1
"640",4,2,1,NA,2,640,0
"641",5,5,8,NA,2,641,0
"642",6,3,7,NA,1,642,0
"643",7,9,7,5,2,643,1
"644",4,6,9,6,1,644,1
"645",0,1,3,4,1,645,1
"646",1,1,6,3,2,646,1
"647",3,3,1,3,1,647,1
"648",4,2,3,NA,2,648,0
"649",7,2,3,4,2,649,1
"650",5,2,8,6,2,650,1
"651",9,1,5,NA,1,651,0
"652",3,5,9,4,2,652,1
"653",7,4,7,5,1,653,1
"654",2,4,8,NA,2,654,0
"655",1,2,3,5,1,655,1
"656",5,4,7,NA,1,656,0
"657",3,0,2,3,1,657,1
"658",7,4,3,5,2,658,1
"659",2,1,4,NA,1,659,0
"660",3,0,0,4,1,660,1
"661",2,4,3,4,1,661,1
"662",1,1,3,4,1,662,1
"663",2,3,1,3,2,663,1
"664",0,1,4,3,1,664,1
"665",1,3,1,NA,2,665,0
"666",6,3,8,5,2,666,1
"667",8,3,9,6,2,667,1
"668",8,4,5,6,2,668,1
"669",5,2,7,6,2,669,1
"670",6,1,5,NA,1,670,0
"671",2,3,9,4,2,671,1
"672",3,3,8,NA,1,672,0
"673",2,4,2,5,2,673,1
"674",4,2,8,NA,1,674,0
"675",4,3,3,NA,1,675,0
"676",2,0,1,NA,2,676,0
"677",1,1,1,3,1,677,1
"678",4,1,5,3,1,678,1
"679",4,2,4,4,1,679,1
"680",3,4,5,4,1,680,1
"681",3,0,4,NA,1,681,0
"682",3,1,3,5,1,682,1
"683",1,1,0,NA,1,683,0
"684",2,3,8,4,2,684,1
"685",1,1,3,NA,2,685,0
"686",2,5,7,NA,2,686,0
"687",5,4,6,NA,2,687,0
"688",4,4,5,6,2,688,1
"689",7,3,5,6,2,689,1
"690",5,2,5,NA,2,690,0
"691",2,1,8,NA,2,691,0
"692",6,3,8,6,2,692,1
"693",4,2,4,NA,1,693,0
"694",5,5,6,NA,2,694,0
"695",5,5,4,NA,2,695,0
"696",4,2,7,5,1,696,1
"697",1,3,10,NA,2,697,0
"698",8,3,7,6,2,698,1
"699",3,5,8,5,2,699,1
"700",4,2,10,5,1,700,1
"701",6,3,6,3,2,701,1
"702",5,0,5,NA,1,702,0
"703",3,4,4,4,1,703,1
"704",1,0,3,3,2,704,1
"705",3,0,4,NA,2,705,0
"706",3,4,6,6,1,706,1
"707",11,6,7,6,2,707,1
"708",6,4,6,NA,2,708,0
"709",10,3,7,4,2,709,1
"710",8,4,8,5,2,710,1
"711",5,4,5,NA,2,711,0
"712",5,1,7,NA,1,712,0
"713",5,7,5,6,1,713,1
"714",0,1,4,NA,1,714,0
"715",2,4,4,NA,1,715,0
"716",3,4,2,4,1,716,1
"717",4,3,6,3,2,717,1
"718",5,4,7,5,2,718,1
"719",6,5,5,6,2,719,1
"720",4,1,3,4,2,720,1
"721",2,3,9,6,2,721,1
"722",5,3,4,5,2,722,1
"723",4,6,4,NA,1,723,0
"724",4,5,6,5,2,724,1
"725",1,4,3,NA,1,725,0
"726",1,2,4,NA,2,726,0
"727",5,2,5,6,2,727,1
"728",7,4,3,5,2,728,1
"729",1,4,7,NA,1,729,0
"730",4,3,6,6,2,730,1
"731",8,0,8,NA,2,731,0
"732",6,2,5,NA,2,732,0
"733",3,3,7,5,2,733,1
"734",6,4,6,NA,1,734,0
"735",5,0,9,NA,2,735,0
"736",6,4,8,6,2,736,1
"737",4,5,4,5,2,737,1
"738",2,5,7,NA,2,738,0
"739",5,2,3,6,2,739,1
"740",5,6,9,NA,2,740,0
"741",5,2,9,NA,1,741,0
"742",2,3,6,NA,2,742,0
"743",7,4,7,6,2,743,1
"744",5,1,9,6,2,744,1
"745",3,4,5,6,2,745,1
"746",6,3,9,NA,2,746,0
"747",3,5,6,NA,2,747,0
"748",2,1,7,NA,2,748,0
"749",3,4,7,6,2,749,1
"750",5,3,10,5,2,750,1
"751",4,2,3,4,1,751,1
"752",3,5,6,NA,2,752,0
"753",4,1,8,6,2,753,1
"754",4,1,9,NA,2,754,0
"755",6,3,7,NA,1,755,0
"756",6,3,6,6,2,756,1
"757",3,4,9,6,2,757,1
"758",7,3,9,6,2,758,1
"759",4,1,3,6,2,759,1
"760",7,2,6,5,2,760,1
"761",4,3,4,NA,2,761,0
"762",3,6,3,NA,1,762,0
"763",5,2,9,NA,2,763,0
"764",2,4,4,NA,1,764,0
"765",3,2,1,NA,1,765,0
"766",1,4,5,3,2,766,1
"767",5,1,3,NA,1,767,0
"768",1,0,0,NA,1,768,0
"769",3,1,2,NA,1,769,0
"770",0,0,1,4,1,770,1
"771",4,1,5,NA,2,771,0
"772",2,1,6,5,2,772,1
"773",3,8,4,NA,2,773,0
"774",4,4,9,4,2,774,1
"775",4,4,8,NA,1,775,0
"776",5,1,7,NA,2,776,0
"777",8,6,2,6,1,777,1
"778",4,1,4,5,2,778,1
"779",4,1,10,NA,2,779,0
"780",7,1,8,NA,2,780,0
"781",1,4,4,4,1,781,1
"782",10,4,3,4,2,782,1
"783",6,6,9,NA,1,783,0
"784",1,1,2,NA,2,784,0
"785",1,4,10,NA,2,785,0
"786",6,5,7,NA,1,786,0
"787",2,0,6,NA,2,787,0
"788",15,10,9,6,1,788,1
"789",4,1,3,4,1,789,1
"790",3,2,1,NA,1,790,0
"791",3,0,7,3,1,791,1
"792",3,3,1,3,1,792,1
"793",4,1,3,5,1,793,1
"794",0,6,1,3,1,794,1
"795",2,2,6,3,1,795,1
"796",1,1,4,NA,2,796,0
"797",2,3,2,3,1,797,1
"798",0,2,4,NA,1,798,0
"799",1,4,5,5,1,799,1
"800",1,1,9,4,1,800,1
"801",7,3,6,NA,2,801,0
"802",0,0,6,3,1,802,1
"803",3,2,4,6,1,803,1
"804",3,0,4,NA,2,804,0
"805",0,0,2,NA,1,805,0
"806",2,0,5,4,2,806,1
"807",7,7,8,6,2,807,1
"808",4,3,3,NA,2,808,0
"809",7,4,8,6,2,809,1
"810",1,3,7,NA,2,810,0
"811",8,2,8,NA,1,811,0
"812",8,4,7,NA,2,812,0
"813",4,4,2,NA,2,813,0
"814",5,2,6,3,2,814,1
"815",3,5,4,5,2,815,1
"816",12,1,8,NA,2,816,0
"817",4,8,5,4,1,817,1
"818",1,3,4,NA,2,818,0
"819",3,2,6,NA,2,819,0
"820",5,5,7,5,1,820,1
"821",5,3,8,6,1,821,1
"822",5,3,3,4,1,822,1
"823",1,1,6,4,2,823,1
"824",1,0,2,5,1,824,1
"825",4,0,3,4,1,825,1
"826",4,1,3,NA,2,826,0
"827",1,0,6,NA,2,827,0
"828",6,6,7,6,1,828,1
"829",5,3,7,6,2,829,1
"830",3,2,4,5,1,830,1
"831",4,4,3,5,1,831,1
"832",3,4,3,5,1,832,1
"833",4,1,4,5,2,833,1
"834",0,1,3,4,1,834,1
"835",0,0,3,3,2,835,1
"836",4,4,7,5,1,836,1
"837",1,2,1,3,2,837,1
"838",5,5,7,NA,2,838,0
"839",4,4,5,3,2,839,1
"840",8,0,7,5,2,840,1
"841",8,2,6,4,1,841,1
"842",8,3,6,6,1,842,1
"843",1,0,2,3,1,843,1
"844",4,2,6,NA,1,844,0
"845",0,3,3,NA,1,845,0
"846",4,3,6,NA,1,846,0
"847",5,2,1,3,1,847,1
"848",1,2,3,4,1,848,1
"849",4,2,3,NA,1,849,0
"850",2,1,3,4,2,850,1
"851",1,1,5,NA,1,851,0
"852",2,0,1,4,1,852,1
"853",2,2,3,NA,1,853,0
"854",3,5,5,NA,2,854,0
"855",1,3,3,NA,1,855,0
"856",2,4,5,3,1,856,1
"857",4,0,2,NA,2,857,0
"858",2,1,5,NA,1,858,0
"859",6,2,4,3,1,859,1
"860",3,2,5,3,1,860,1
"861",0,2,1,3,2,861,1
"862",5,0,2,3,1,862,1
"863",0,1,1,NA,1,863,0
"864",0,3,1,NA,1,864,0
"865",1,1,4,3,1,865,1
"866",3,3,6,3,1,866,1
"867",0,2,0,4,1,867,1
"868",1,0,3,NA,1,868,0
"869",0,5,6,5,1,869,1
"870",1,0,3,NA,1,870,0
"871",3,0,7,4,1,871,1
"872",0,0,3,5,1,872,1
"873",0,1,7,5,1,873,1
"874",2,1,4,4,1,874,1
"875",2,1,1,NA,2,875,0
"876",2,0,4,3,2,876,1
"877",6,3,6,6,2,877,1
"878",2,4,5,NA,2,878,0
"879",4,0,6,NA,2,879,0
"880",8,1,8,NA,2,880,0
"881",7,2,7,6,2,881,1
"882",3,4,9,NA,1,882,0
"883",6,5,10,NA,1,883,0
"884",0,3,3,5,1,884,1
"885",1,0,4,NA,2,885,0
"886",1,1,6,4,2,886,1
"887",5,7,6,NA,1,887,0
"888",9,4,2,NA,2,888,0
"889",5,2,7,NA,2,889,0
"890",7,3,4,5,1,890,1
"891",11,0,8,6,2,891,1
"892",8,2,8,NA,2,892,0
"893",5,3,9,6,2,893,1
"894",7,5,8,6,2,894,1
"895",6,8,4,NA,2,895,0
"896",6,3,9,NA,2,896,0
"897",4,6,9,4,2,897,1
"898",4,8,6,6,2,898,1
"899",0,7,9,NA,2,899,0
"900",1,3,8,NA,1,900,0
"901",3,7,9,6,2,901,1
"902",1,6,9,5,2,902,1
"903",5,5,9,6,2,903,1
"904",2,3,7,6,1,904,1
"905",5,2,7,6,1,905,1
"906",0,0,4,NA,1,906,0
"907",0,0,5,3,1,907,1
"908",1,0,1,3,1,908,1
"909",3,0,1,3,1,909,1
"910",3,0,2,NA,1,910,0
"911",2,0,8,4,1,911,1
"912",1,1,1,NA,1,912,0
"913",1,0,6,NA,1,913,0
"914",1,0,0,NA,1,914,0
"915",0,0,4,3,2,915,1
"916",0,2,1,3,1,916,1
"917",1,3,5,3,1,917,1
"918",0,1,5,5,1,918,1
"919",2,0,0,4,1,919,1
"920",3,1,2,NA,1,920,0
"921",1,0,2,NA,1,921,0
"922",0,0,3,5,1,922,1
"923",0,0,5,4,1,923,1
"924",0,0,3,NA,1,924,0
"925",3,0,5,5,2,925,1
"926",1,0,3,5,2,926,1
"927",6,3,6,5,2,927,1
"928",7,6,9,6,1,928,1
"929",9,5,9,5,1,929,1
"930",0,0,2,NA,1,930,0
"931",5,0,1,4,1,931,1
"932",6,1,2,5,1,932,1
"933",0,0,4,3,1,933,1
"934",4,3,5,3,1,934,1
"935",6,4,4,4,1,935,1
"936",3,2,1,4,1,936,1
"937",0,0,2,4,1,937,1
"938",2,0,5,NA,2,938,0
"939",3,5,5,5,2,939,1
"940",7,9,8,6,1,940,1
"941",8,1,6,NA,2,941,0
"942",4,7,7,5,1,942,1
"943",1,2,1,3,1,943,1
"944",1,1,4,NA,1,944,0
"945",3,0,5,NA,2,945,0
"946",6,2,2,4,1,946,1
"947",2,1,3,4,1,947,1
"948",2,1,2,4,1,948,1
"949",0,0,2,4,1,949,1
"950",1,4,1,NA,2,950,0
"951",1,0,4,3,2,951,1
"952",8,2,5,6,1,952,1
"953",1,4,5,NA,1,953,0
"954",2,2,3,5,1,954,1
"955",2,3,2,NA,1,955,0
"956",2,2,2,3,1,956,1
"957",2,2,0,NA,2,957,0
"958",2,0,6,3,1,958,1
"959",4,0,2,NA,1,959,0
"960",3,4,5,NA,2,960,0
"961",2,1,7,4,2,961,1
"962",4,4,10,6,2,962,1
"963",6,4,5,NA,2,963,0
"964",8,3,5,5,2,964,1
"965",7,6,7,NA,2,965,0
"966",2,3,6,4,1,966,1
"967",9,7,7,6,2,967,1
"968",4,6,7,5,2,968,1
"969",4,1,4,3,2,969,1
"970",1,3,9,5,2,970,1
"971",3,3,8,6,1,971,1
"972",5,6,8,5,1,972,1
"973",0,1,2,3,1,973,1
"974",3,1,6,6,2,974,1
"975",2,4,7,NA,1,975,0
"976",3,1,6,6,2,976,1
"977",6,5,8,NA,2,977,0
"978",9,0,6,5,2,978,1
"979",11,2,8,5,2,979,1
"980",6,3,8,4,2,980,1
"981",10,0,5,3,1,981,1
"982",5,3,8,NA,1,982,0
"983",2,0,3,6,2,983,1
"984",5,1,4,4,1,984,1
"985",1,0,3,3,1,985,1
"986",0,2,0,NA,2,986,0
"987",0,4,8,4,1,987,1
"988",3,3,5,4,1,988,1
"989",3,6,2,6,1,989,1
"990",3,1,5,4,1,990,1
"991",1,1,1,3,1,991,1
"992",1,5,7,4,2,992,1
"993",8,1,3,NA,1,993,0
"994",1,0,5,3,1,994,1
"995",0,0,4,NA,1,995,0
"996",2,1,1,5,1,996,1
"997",2,3,0,NA,1,997,0
"998",2,3,0,NA,1,998,0
"999",9,1,3,3,2,999,1
"1000",3,1,1,4,2,1000,1
"1001",3,9,7,6,2,1001,1
"1002",4,3,8,5,2,1002,1
"1003",4,1,8,NA,2,1003,0
"1004",2,3,4,3,2,1004,1
"1005",3,4,8,6,2,1005,1
"1006",7,2,7,6,2,1006,1
"1007",6,12,5,NA,1,1007,0
"1008",4,4,5,NA,2,1008,0
"1009",2,1,3,NA,2,1009,0
"1010",4,4,9,6,2,1010,1
"1011",6,4,10,NA,2,1011,0
"1012",5,2,6,NA,1,1012,0
"1013",4,2,8,NA,2,1013,0
"1014",9,5,8,NA,1,1014,0
"1015",1,2,5,NA,1,1015,0
"1016",0,0,1,5,1,1016,1
"1017",2,1,6,5,2,1017,1
"1018",3,1,3,4,1,1018,1
"1019",5,2,6,3,2,1019,1
"1020",7,5,9,6,1,1020,1
"1021",3,0,5,3,1,1021,1
"1022",2,1,5,5,1,1022,1
"1023",0,3,2,3,1,1023,1
"1024",6,0,2,4,1,1024,1
"1025",1,0,2,NA,2,1025,0
"1026",4,1,6,NA,1,1026,0
"1027",5,2,6,NA,2,1027,0
"1028",5,6,7,NA,2,1028,0
"1029",3,5,9,NA,2,1029,0
"1030",3,6,7,NA,2,1030,0
"1031",1,4,6,5,2,1031,1
"1032",7,1,9,5,2,1032,1
"1033",3,10,7,NA,2,1033,0
"1034",7,3,8,4,2,1034,1
"1035",3,7,9,5,2,1035,1
"1036",7,6,5,6,2,1036,1
"1037",4,2,4,NA,1,1037,0
"1038",4,1,6,NA,2,1038,0
"1039",4,3,8,5,2,1039,1
"1040",5,0,6,NA,2,1040,0
"1041",4,5,7,5,2,1041,1
"1042",5,2,8,6,1,1042,1
"1043",4,5,8,5,2,1043,1
"1044",9,1,4,NA,2,1044,0
"1045",7,5,9,6,2,1045,1
"1046",4,4,6,NA,2,1046,0
"1047",3,2,4,5,2,1047,1
"1048",4,2,6,6,2,1048,1
"1049",6,4,3,5,2,1049,1
"1050",3,3,7,4,2,1050,1
"1051",3,3,6,NA,2,1051,0
"1052",3,2,5,5,2,1052,1
"1053",5,8,6,NA,1,1053,0
"1054",5,3,9,4,2,1054,1
"1055",4,2,5,NA,2,1055,0
"1056",2,1,4,5,1,1056,1
"1057",4,3,1,NA,1,1057,0
"1058",0,2,0,NA,2,1058,0
"1059",3,1,3,NA,1,1059,0
"1060",3,0,4,3,1,1060,1
"1061",0,1,1,3,1,1061,1
"1062",4,3,4,6,1,1062,1
"1063",1,1,2,NA,1,1063,0
"1064",2,0,4,NA,1,1064,0
"1065",5,2,1,4,2,1065,1
"1066",1,2,4,NA,2,1066,0
"1067",8,3,7,6,2,1067,1
"1068",5,4,10,NA,2,1068,0
"1069",5,7,5,NA,1,1069,0
"1070",3,1,8,6,2,1070,1
"1071",2,4,6,6,2,1071,1
"1072",8,3,6,6,1,1072,1
"1073",6,5,8,NA,2,1073,0
"1074",3,6,7,6,2,1074,1
"1075",5,2,3,4,2,1075,1
"1076",8,4,6,NA,2,1076,0
"1077",3,2,7,4,2,1077,1
"1078",4,4,6,NA,1,1078,0
"1079",10,1,8,6,2,1079,1
"1080",6,2,6,NA,2,1080,0
"1081",2,6,7,6,2,1081,1
"1082",0,6,7,5,2,1082,1
"1083",4,1,6,5,2,1083,1
"1084",4,4,6,6,2,1084,1
"1085",8,6,5,NA,2,1085,0
"1086",5,2,9,4,2,1086,1
"1087",6,2,7,5,2,1087,1
"1088",1,8,7,NA,2,1088,0
"1089",3,3,3,4,1,1089,1
"1090",4,2,9,5,2,1090,1
"1091",3,0,5,5,2,1091,1
"1092",4,3,4,5,1,1092,1
"1093",5,2,4,4,2,1093,1
"1094",1,5,6,NA,2,1094,0
"1095",6,4,6,5,2,1095,1
"1096",7,5,8,NA,2,1096,0
"1097",5,1,9,6,2,1097,1
"1098",3,4,8,6,2,1098,1
"1099",7,2,7,4,1,1099,1
"1100",3,2,4,4,2,1100,1
"1101",5,3,8,5,2,1101,1
"1102",6,3,7,NA,2,1102,0
"1103",3,0,6,5,1,1103,1
"1104",5,5,7,6,2,1104,1
"1105",5,5,7,NA,2,1105,0
"1106",7,4,8,NA,2,1106,0
"1107",1,1,6,5,2,1107,1
"1108",5,5,5,5,2,1108,1
"1109",7,3,7,NA,2,1109,0
"1110",10,4,6,NA,2,1110,0
"1111",6,5,9,NA,2,1111,0
"1112",3,2,3,NA,1,1112,0
"1113",4,2,6,6,2,1113,1
"1114",2,4,6,NA,2,1114,0
"1115",3,4,6,NA,1,1115,0
"1116",6,0,3,5,2,1116,1
"1117",5,4,7,NA,2,1117,0
"1118",3,4,3,4,1,1118,1
"1119",9,7,4,NA,2,1119,0
"1120",4,5,3,NA,2,1120,0
"1121",3,3,8,6,1,1121,1
"1122",7,3,8,NA,2,1122,0
"1123",1,2,7,5,1,1123,1
"1124",4,0,5,5,1,1124,1
"1125",4,2,6,5,2,1125,1
"1126",1,0,4,4,1,1126,1
"1127",2,2,5,NA,2,1127,0
"1128",7,7,8,5,2,1128,1
"1129",4,3,10,NA,1,1129,0
"1130",9,3,9,NA,2,1130,0
"1131",2,5,9,4,2,1131,1
"1132",7,0,8,6,2,1132,1
"1133",4,4,4,5,2,1133,1
"1134",8,6,8,NA,1,1134,0
"1135",8,4,8,6,2,1135,1
"1136",9,3,9,NA,2,1136,0
"1137",4,4,8,NA,2,1137,0
"1138",4,2,4,5,2,1138,1
"1139",4,5,8,NA,2,1139,0
"1140",4,2,7,5,2,1140,1
"1141",6,4,5,5,1,1141,1
"1142",2,4,9,NA,1,1142,0
"1143",1,2,3,NA,1,1143,0
"1144",2,3,3,NA,1,1144,0
"1145",1,2,3,4,1,1145,1
"1146",1,0,2,4,2,1146,1
"1147",1,2,4,3,1,1147,1
"1148",4,1,3,4,2,1148,1
"1149",8,3,5,NA,2,1149,0
"1150",4,6,8,6,2,1150,1
"1151",2,1,3,4,2,1151,1
"1152",4,3,6,NA,1,1152,0
"1153",8,3,6,NA,2,1153,0
"1154",3,4,6,NA,1,1154,0
"1155",4,1,7,6,1,1155,1
"1156",2,1,3,NA,2,1156,0
"1157",2,2,4,3,2,1157,1
"1158",4,6,6,NA,1,1158,0
"1159",7,2,7,NA,2,1159,0
"1160",2,2,9,6,2,1160,1
"1161",7,3,10,6,2,1161,1
"1162",2,6,6,6,2,1162,1
"1163",6,2,7,NA,2,1163,0
"1164",6,4,7,5,2,1164,1
"1165",10,3,7,NA,2,1165,0
"1166",3,3,8,6,2,1166,1
"1167",2,3,6,5,2,1167,1
"1168",2,4,5,6,1,1168,1
"1169",2,2,6,NA,2,1169,0
"1170",5,6,6,6,1,1170,1
"1171",0,0,2,NA,1,1171,0
"1172",1,3,3,NA,2,1172,0
"1173",2,4,3,4,1,1173,1
"1174",1,3,4,4,2,1174,1
"1175",7,2,4,NA,1,1175,0
"1176",1,0,0,NA,1,1176,0
"1177",3,0,5,NA,1,1177,0
"1178",1,0,5,5,2,1178,1
"1179",3,1,4,NA,1,1179,0
"1180",1,0,7,NA,2,1180,0
"1181",7,3,5,NA,1,1181,0
"1182",2,0,5,NA,1,1182,0
"1183",2,2,5,4,1,1183,1
"1184",2,1,4,4,1,1184,1
"1185",4,4,5,5,1,1185,1
"1186",0,1,2,NA,1,1186,0
"1187",1,0,1,3,1,1187,1
"1188",3,3,4,4,2,1188,1
"1189",1,1,8,3,1,1189,1
"1190",0,0,5,3,1,1190,1
"1191",2,3,4,5,1,1191,1
"1192",0,0,2,4,1,1192,1
"1193",2,3,4,NA,1,1193,0
"1194",2,3,6,4,2,1194,1
"1195",2,1,5,NA,2,1195,0
"1196",4,4,10,NA,2,1196,0
"1197",3,5,10,NA,2,1197,0
"1198",5,1,7,5,2,1198,1
"1199",1,5,8,6,1,1199,1
"1200",3,6,8,6,2,1200,1
"1201",7,2,6,6,2,1201,1
"1202",10,1,9,5,2,1202,1
"1203",2,2,4,NA,2,1203,0
"1204",7,3,10,NA,2,1204,0
"1205",5,5,7,6,2,1205,1
"1206",8,2,4,4,1,1206,1
"1207",6,6,9,4,1,1207,1
"1208",3,1,4,5,2,1208,1
"1209",1,1,1,4,2,1209,1
"1210",1,3,4,5,1,1210,1
"1211",3,0,4,6,1,1211,1
"1212",4,0,6,5,1,1212,1
"1213",3,2,1,3,1,1213,1
"1214",2,3,5,3,1,1214,1
"1215",3,1,4,4,2,1215,1
"1216",2,1,2,5,1,1216,1
"1217",1,0,2,5,1,1217,1
"1218",2,3,1,NA,1,1218,0
"1219",2,3,3,NA,2,1219,0
"1220",2,2,5,3,2,1220,1
"1221",3,2,4,NA,2,1221,0
"1222",6,1,10,6,2,1222,1
"1223",1,2,4,4,2,1223,1
"1224",4,4,8,NA,2,1224,0
"1225",4,7,7,6,2,1225,1
"1226",9,4,4,NA,2,1226,0
"1227",10,4,7,6,1,1227,1
"1228",1,6,6,6,2,1228,1
"1229",5,5,9,3,2,1229,1
"1230",0,4,3,4,1,1230,1
"1231",5,4,4,NA,2,1231,0
"1232",2,5,6,6,1,1232,1
"1233",2,0,1,3,1,1233,1
"1234",3,2,1,3,1,1234,1
"1235",1,0,3,3,1,1235,1
"1236",1,1,3,NA,1,1236,0
"1237",0,1,1,NA,1,1237,0
"1238",1,3,4,NA,1,1238,0
"1239",7,3,0,NA,2,1239,0
"1240",2,0,5,5,1,1240,1
"1241",2,2,5,4,1,1241,1
"1242",1,0,3,4,1,1242,1
"1243",0,0,2,NA,1,1243,0
"1244",2,2,7,NA,1,1244,0
"1245",0,0,6,3,1,1245,1
"1246",0,2,2,6,1,1246,1
"1247",4,3,2,5,1,1247,1
"1248",1,0,1,NA,2,1248,0
"1249",2,0,1,NA,2,1249,0
"1250",4,1,4,6,1,1250,1
"1251",7,3,10,6,2,1251,1
"1252",4,9,7,6,1,1252,1
"1253",1,1,3,4,1,1253,1
"1254",0,0,0,3,1,1254,1
"1255",0,0,0,3,1,1255,1
"1256",2,1,4,3,2,1256,1
"1257",5,1,2,4,2,1257,1
"1258",7,0,4,5,2,1258,1
"1259",9,1,4,4,2,1259,1
"1260",7,5,4,6,2,1260,1
"1261",8,3,7,6,2,1261,1
"1262",2,4,6,NA,1,1262,0
"1263",3,3,6,NA,2,1263,0
"1264",3,5,5,NA,2,1264,0
"1265",7,3,7,6,2,1265,1
"1266",8,4,7,5,2,1266,1
"1267",4,1,8,6,1,1267,1
"1268",2,2,6,4,2,1268,1
"1269",4,8,9,6,2,1269,1
"1270",6,7,9,6,2,1270,1
"1271",7,6,8,5,1,1271,1
"1272",1,4,6,NA,2,1272,0
"1273",2,4,9,NA,2,1273,0
"1274",5,1,5,4,2,1274,1
"1275",5,2,10,6,2,1275,1
"1276",5,0,5,4,1,1276,1
"1277",2,4,4,6,1,1277,1
"1278",1,2,0,NA,1,1278,0
"1279",2,1,1,4,1,1279,1
"1280",4,0,1,NA,1,1280,0
"1281",0,1,4,NA,2,1281,0
"1282",2,2,4,5,2,1282,1
"1283",3,5,5,5,1,1283,1
"1284",2,0,3,5,1,1284,1
"1285",2,0,4,NA,1,1285,0
"1286",4,0,2,3,1,1286,1
"1287",3,3,1,NA,2,1287,0
"1288",3,0,2,4,2,1288,1
"1289",2,4,6,5,2,1289,1
"1290",6,2,7,NA,2,1290,0
"1291",6,2,6,6,1,1291,1
"1292",7,3,6,NA,2,1292,0
"1293",1,7,5,NA,2,1293,0
"1294",5,1,8,5,2,1294,1
"1295",3,2,6,6,1,1295,1
"1296",3,1,5,NA,2,1296,0
"1297",6,3,7,6,2,1297,1
"1298",3,5,7,5,2,1298,1
"1299",3,5,5,5,2,1299,1
"1300",6,5,6,6,2,1300,1
"1301",4,4,5,5,2,1301,1
"1302",4,1,7,6,2,1302,1
"1303",1,4,3,NA,2,1303,0
"1304",9,5,5,4,2,1304,1
"1305",8,7,7,NA,2,1305,0
"1306",4,0,8,4,2,1306,1
"1307",1,3,7,NA,1,1307,0
"1308",6,3,7,NA,1,1308,0
"1309",2,3,5,4,2,1309,1
"1310",2,2,2,NA,1,1310,0
"1311",1,1,3,3,1,1311,1
"1312",0,0,2,3,1,1312,1
"1313",2,1,5,NA,1,1313,0
"1314",1,1,5,4,1,1314,1
"1315",1,1,6,4,1,1315,1
"1316",5,0,5,NA,1,1316,0
"1317",5,4,4,3,1,1317,1
"1318",2,2,6,3,1,1318,1
"1319",1,2,8,NA,2,1319,0
"1320",1,0,5,NA,1,1320,0
"1321",2,2,3,4,1,1321,1
"1322",2,1,0,3,1,1322,1
"1323",0,2,3,5,1,1323,1
"1324",3,1,3,4,2,1324,1
"1325",2,0,3,NA,1,1325,0
"1326",4,2,2,NA,2,1326,0
"1327",6,2,9,6,2,1327,1
"1328",5,2,8,NA,2,1328,0
"1329",3,8,9,6,2,1329,1
"1330",4,8,9,5,2,1330,1
"1331",8,5,8,6,2,1331,1
"1332",5,1,8,NA,2,1332,0
"1333",6,4,1,6,1,1333,1
"1334",2,4,7,5,2,1334,1
"1335",7,4,9,NA,1,1335,0
"1336",1,0,0,4,1,1336,1
"1337",2,2,2,NA,1,1337,0
"1338",3,1,4,5,1,1338,1
"1339",1,2,3,NA,1,1339,0
"1340",0,3,2,3,1,1340,1
"1341",1,3,4,NA,1,1341,0
"1342",3,1,3,NA,2,1342,0
"1343",2,1,4,5,1,1343,1
"1344",4,2,3,NA,1,1344,0
"1345",0,1,2,3,1,1345,1
"1346",1,1,1,3,2,1346,1
"1347",4,0,5,NA,1,1347,0
"1348",3,3,7,3,1,1348,1
"1349",2,1,4,NA,1,1349,0
"1350",5,1,7,4,1,1350,1
"1351",7,3,4,NA,1,1351,0
"1352",1,0,3,3,1,1352,1
"1353",0,0,4,3,1,1353,1
"1354",1,0,1,NA,1,1354,0
"1355",5,3,3,NA,1,1355,0
"1356",0,1,7,4,1,1356,1
"1357",2,4,3,NA,1,1357,0
"1358",1,0,6,3,1,1358,1
"1359",0,1,2,3,1,1359,1
"1360",2,3,2,5,1,1360,1
"1361",4,2,1,5,1,1361,1
"1362",3,2,2,NA,1,1362,0
"1363",1,4,0,NA,2,1363,0
"1364",1,6,2,NA,2,1364,0
"1365",3,3,10,NA,1,1365,0
"1366",3,1,4,NA,2,1366,0
"1367",3,2,7,6,2,1367,1
"1368",6,6,6,NA,2,1368,0
"1369",6,2,8,NA,2,1369,0
"1370",2,3,6,NA,2,1370,0
"1371",3,2,7,6,2,1371,1
"1372",8,1,7,NA,2,1372,0
"1373",7,3,7,NA,2,1373,0
"1374",7,4,8,5,2,1374,1
"1375",2,3,7,4,2,1375,1
"1376",1,1,7,4,2,1376,1
"1377",5,1,7,4,2,1377,1
"1378",3,1,4,4,1,1378,1
"1379",5,3,8,6,1,1379,1
"1380",1,1,4,4,2,1380,1
"1381",1,2,3,5,2,1381,1
"1382",5,4,7,NA,2,1382,0
"1383",5,2,8,NA,2,1383,0
"1384",2,2,7,NA,1,1384,0
"1385",3,7,5,6,2,1385,1
"1386",3,5,5,NA,2,1386,0
"1387",7,7,9,NA,2,1387,0
"1388",7,2,6,NA,2,1388,0
"1389",10,1,10,NA,2,1389,0
"1390",6,3,4,5,2,1390,1
"1391",3,3,8,NA,1,1391,0
"1392",6,4,8,6,2,1392,1
"1393",7,3,9,6,2,1393,1
"1394",6,1,10,4,2,1394,1
"1395",4,3,6,4,2,1395,1
"1396",3,3,8,6,2,1396,1
"1397",1,1,3,NA,1,1397,0
"1398",5,3,7,4,2,1398,1
"1399",2,2,4,5,2,1399,1
"1400",8,5,7,NA,1,1400,0
"1401",5,4,6,5,1,1401,1
"1402",2,3,2,NA,1,1402,0
"1403",2,3,3,6,2,1403,1
"1404",2,1,6,4,1,1404,1
"1405",0,2,3,4,2,1405,1
"1406",9,6,4,5,1,1406,1
"1407",3,1,3,NA,1,1407,0
"1408",2,2,9,3,1,1408,1
"1409",4,1,2,NA,2,1409,0
"1410",5,0,2,NA,1,1410,0
"1411",1,0,1,3,1,1411,1
"1412",3,0,3,NA,1,1412,0
"1413",1,4,3,NA,1,1413,0
"1414",2,1,1,4,1,1414,1
"1415",5,2,7,4,1,1415,1
"1416",1,2,3,4,1,1416,1
"1417",2,0,5,NA,1,1417,0
"1418",2,0,4,3,1,1418,1
"1419",1,3,4,4,1,1419,1
"1420",0,1,1,NA,2,1420,0
"1421",0,0,2,NA,1,1421,0
"1422",1,2,6,NA,2,1422,0
"1423",2,5,7,4,2,1423,1
"1424",3,2,7,5,1,1424,1
"1425",1,3,6,5,1,1425,1
"1426",2,1,3,3,2,1426,1
"1427",2,2,3,3,1,1427,1
"1428",2,3,3,4,1,1428,1
"1429",5,1,4,4,1,1429,1
"1430",1,1,2,NA,1,1430,0
"1431",6,3,5,NA,1,1431,0
"1432",1,1,3,5,1,1432,1
"1433",3,0,0,3,1,1433,1
"1434",1,0,2,3,1,1434,1
"1435",4,0,5,NA,2,1435,0
"1436",1,1,4,NA,1,1436,0
"1437",1,0,2,3,1,1437,1
"1438",0,0,4,5,2,1438,1
"1439",0,1,5,4,1,1439,1
"1440",1,0,2,3,1,1440,1
"1441",1,1,1,4,2,1441,1
"1442",6,2,5,NA,1,1442,0
"1443",0,2,4,NA,1,1443,0
"1444",3,2,2,NA,1,1444,0
"1445",2,1,4,NA,1,1445,0
"1446",2,5,6,NA,1,1446,0
"1447",3,1,1,3,1,1447,1
"1448",4,6,2,5,1,1448,1
"1449",2,1,7,NA,1,1449,0
"1450",4,4,4,NA,1,1450,0
"1451",5,1,6,NA,1,1451,0
"1452",1,1,2,3,1,1452,1
"1453",3,0,3,3,2,1453,1
"1454",2,0,4,4,1,1454,1
"1455",1,1,4,5,1,1455,1
"1456",3,1,2,3,1,1456,1
"1457",5,2,2,4,1,1457,1
"1458",0,0,4,3,1,1458,1
"1459",2,2,3,3,1,1459,1
"1460",0,1,1,4,1,1460,1
